Dates,County,States,Vehicle_Primary_Use,Battery_EV,PlugIn_Hybrid _EV,EV_Total,NEV_Total,Total_Vehicles,Percent_EV
June 30 2022,Ferry,WA,Truck,0,0,0,3575,3575,0
January 31 2019,Columbia,WA,Truck,0,0,0,1529,1529,0
June 30 2021,Skamania,WA,Truck,0,0,0,4026,4026,0
January 31 2017,Douglas,WA,Truck,0,0,0,11425,11425,0
May 31 2022,Yakima,WA,Truck,0,0,0,61408,61408,0
September 30 2021,Kittitas,WA,Truck,0,0,0,14783,14783,0
April 30 2021,Asotin,WA,Passenger,19,14,33,12651,12684,0.26
November 30 2021,King,WA,Truck,6,1,7,183257,183264,0
February 28 2022,Clallam,WA,Truck,1,0,1,22088,22089,0
October 31 2020,Franklin,WA,Passenger,73,78,151,61083,61234,0.25
December 31 2021,Whatcom,WA,Passenger,1643,673,2316,149887,152203,1.52
September 30 2023,Whitman,WA,Passenger,177,86,263,21953,22216,1.18
March 31 2021,Stevens,WA,Passenger,38,43,81,30298,30379,0.27
April 30 2019,Douglas,WA,Passenger,55,34,89,27968,28057,0.32
January 31 2018,Benton,WA,Passenger,175,179,354,130615,130969,0.27
October 31 2021,Kittitas,WA,Truck,0,0,0,14774,14774,0
December 31 2021,Grant,WA,Truck,0,0,0,27988,27988,0
March 31 2022,Pacific,WA,Passenger,61,68,129,15987,16116,0.8
March 31 2017,Clallam,WA,Passenger,77,65,142,48077,48219,0.29
December 31 2023,Clallam,WA,Truck,29,0,29,21315,21344,0.14
December 31 2017,Kittitas,WA,Truck,0,0,0,13805,13805,0
July 31 2022,Clark,WA,Truck,9,0,9,82497,82506,0.01
August 31 2021,Stevens,WA,Passenger,48,44,92,30264,30356,0.3
June 30 2018,Clark,WA,Truck,0,0,0,79115,79115,0
June 30 2023,Mason,WA,Truck,11,0,11,20726,20737,0.05
December 31 2019,King,WA,Truck,6,1,7,182187,182194,0
October 31 2020,Yakima,WA,Passenger,158,122,280,166853,167133,0.17
October 31 2019,Spokane,WA,Passenger,615,464,1079,314266,315345,0.34
August 31 2021,Snohomish,WA,Truck,1,0,1,125976,125977,0
September 30 2017,Lewis,WA,Passenger,53,40,93,56024,56117,0.17
June 30 2023,Garfield,WA,Passenger,1,3,4,1304,1308,0.31
July 31 2019,Walla Walla,WA,Passenger,52,61,113,36204,36317,0.31
August 31 2020,Skamania,WA,Passenger,31,21,52,8370,8422,0.62
June 30 2018,Adams,WA,Truck,0,0,0,5163,5163,0
January 31 2019,Clark,WA,Truck,0,0,0,79956,79956,0
May 31 2017,Jefferson,WA,Passenger,103,59,162,23819,23981,0.68
April 30 2023,Kittitas,WA,Truck,8,0,8,14540,14548,0.05
March 31 2022,Skagit,WA,Passenger,730,326,1056,90428,91484,1.15
September 30 2020,Walla Walla,WA,Truck,0,0,0,13788,13788,0
July 31 2020,Asotin,WA,Passenger,16,12,28,12375,12403,0.23
November 30 2017,Columbia,WA,Truck,0,0,0,1538,1538,0
September 30 2020,Garfield,WA,Truck,0,0,0,985,985,0
December 31 2022,San Juan,WA,Passenger,559,170,729,13892,14621,4.99
November 30 2022,Okanogan,WA,Truck,2,0,2,16455,16457,0.01
June 30 2020,Columbia,WA,Truck,0,0,0,1531,1531,0
December 31 2021,Island,WA,Truck,0,0,0,21488,21488,0
May 31 2019,Grant,WA,Passenger,39,59,98,64554,64652,0.15
October 31 2021,Snohomish,WA,Passenger,6649,2195,8844,538559,547403,1.62
October 31 2022,Jefferson,WA,Passenger,465,225,690,24396,25086,2.75
June 30 2022,Douglas,WA,Truck,0,0,0,12783,12783,0
June 30 2020,Kitsap,WA,Truck,0,0,0,54049,54049,0
May 31 2019,Chelan,WA,Truck,0,0,0,22241,22241,0
August 31 2020,Franklin,WA,Truck,0,0,0,20182,20182,0
July 31 2020,Grays Harbor,WA,Passenger,109,112,221,48275,48496,0.46
February 29 2024,Kitsap,WA,Truck,119,0,119,49928,50047,0.24
December 31 2018,Grays Harbor,WA,Truck,0,0,0,20354,20354,0
July 31 2017,San Juan,WA,Truck,0,0,0,5545,5545,0
January 31 2022,Benton,WA,Passenger,652,453,1105,135875,136980,0.81
October 31 2019,Clallam,WA,Truck,1,0,1,21840,21841,0
November 30 2017,Thurston,WA,Truck,0,0,0,53690,53690,0
January 31 2017,Skamania,WA,Passenger,7,7,14,8547,8561,0.16
May 31 2021,Asotin,WA,Passenger,19,14,33,12692,12725,0.26
March 31 2019,Pacific,WA,Passenger,23,26,49,15845,15894,0.31
July 31 2017,Lewis,WA,Truck,0,0,0,24920,24920,0
November 30 2020,Asotin,WA,Passenger,17,14,31,12404,12435,0.25
January 31 2020,Douglas,WA,Passenger,69,39,108,28362,28470,0.38
January 31 2022,Thurston,WA,Truck,3,0,3,55866,55869,0.01
July 31 2022,Kitsap,WA,Truck,13,0,13,53331,53344,0.02
August 31 2019,Okanogan,WA,Truck,0,0,0,16475,16475,0
April 30 2017,Lewis,WA,Truck,0,0,0,24804,24804,0
September 30 2020,Kittitas,WA,Passenger,113,48,161,29697,29858,0.54
February 28 2023,Franklin,WA,Passenger,275,128,403,61826,62229,0.65
March 31 2019,Pacific,WA,Truck,0,0,0,7651,7651,0
July 31 2017,San Juan,WA,Passenger,112,39,151,13560,13711,1.1
October 31 2019,Lewis,WA,Truck,0,0,0,26042,26042,0
February 28 2017,Yakima,WA,Truck,0,0,0,57222,57222,0
March 31 2023,Franklin,WA,Passenger,285,131,416,61876,62292,0.67
September 30 2021,Benton,WA,Passenger,579,414,993,136200,137193,0.72
August 31 2023,Snohomish,WA,Truck,198,0,198,121099,121297,0.16
June 30 2020,Clallam,WA,Truck,1,0,1,21754,21755,0
January 31 2023,Klickitat,WA,Passenger,127,53,180,15154,15334,1.17
December 31 2022,Franklin,WA,Passenger,252,120,372,61694,62066,0.6
September 30 2023,Garfield,WA,Truck,0,0,0,973,973,0
March 31 2019,Grays Harbor,WA,Truck,0,0,0,20375,20375,0
August 31 2020,Pend Oreille,WA,Passenger,8,5,13,9227,9240,0.14
August 31 2017,Grays Harbor,WA,Truck,0,0,0,19932,19932,0
January 31 2017,Garfield,WA,Passenger,0,0,0,1285,1285,0
July 31 2017,Ferry,WA,Passenger,1,1,2,4402,4404,0.05
August 31 2020,Yakima,WA,Truck,0,0,0,60415,60415,0
December 31 2018,Pierce,WA,Passenger,1509,1373,2882,538762,541644,0.53
December 31 2018,Walla Walla,WA,Truck,0,0,0,13524,13524,0
October 31 2023,Okanogan,WA,Passenger,146,74,220,25965,26185,0.84
February 29 2024,Walla Walla,WA,Passenger,272,141,413,34269,34682,1.19
August 31 2018,Whitman,WA,Passenger,20,30,50,22675,22725,0.22
October 31 2020,Thurston,WA,Truck,0,0,0,56289,56289,0
June 30 2020,Island,WA,Truck,1,0,1,21194,21195,0
January 31 2020,Okanogan,WA,Passenger,32,30,62,26214,26276,0.24
February 28 2021,Okanogan,WA,Truck,0,0,0,16621,16621,0
April 30 2020,Mason,WA,Passenger,155,133,288,47197,47485,0.61
May 31 2019,Thurston,WA,Passenger,844,629,1473,197049,198522,0.74
December 31 2021,Yakima,WA,Passenger,286,173,459,168704,169163,0.27
January 31 2023,Adams,WA,Truck,1,0,1,5386,5387,0.02
February 28 2023,Spokane,WA,Passenger,2036,982,3018,323652,326670,0.92
April 30 2017,Klickitat,WA,Passenger,22,23,45,14769,14814,0.3
December 31 2023,Island,WA,Truck,42,0,42,20646,20688,0.2
October 31 2017,Adams,WA,Passenger,3,3,6,12280,12286,0.05
April 30 2021,Thurston,WA,Truck,0,0,0,56684,56684,0
May 31 2021,Benton,WA,Passenger,502,385,887,136051,136938,0.65
March 31 2023,Lewis,WA,Passenger,294,194,488,58773,59261,0.82
December 31 2023,Stevens,WA,Passenger,138,73,211,29177,29388,0.72
February 29 2024,Mason,WA,Passenger,563,234,797,44396,45193,1.76
July 31 2023,Whitman,WA,Truck,5,0,5,8631,8636,0.06
September 30 2020,Clark,WA,Passenger,2174,1098,3272,318312,321584,1.02
August 31 2022,Walla Walla,WA,Passenger,179,103,282,35796,36078,0.78
May 31 2019,Pend Oreille,WA,Passenger,4,5,9,9534,9543,0.09
July 31 2017,Whatcom,WA,Truck,2,0,2,41662,41664,0
December 31 2022,Whitman,WA,Passenger,110,67,177,21923,22100,0.8
July 31 2020,Chelan,WA,Passenger,240,82,322,54226,54548,0.59
September 30 2021,Okanogan,WA,Passenger,67,44,111,26531,26642,0.42
January 31 2023,Yakima,WA,Truck,8,0,8,61164,61172,0.01
December 31 2023,Thurston,WA,Truck,91,0,91,52851,52942,0.17
November 30 2017,Whatcom,WA,Passenger,524,214,738,144634,145372,0.51
September 30 2022,Kittitas,WA,Passenger,290,91,381,29598,29979,1.27
April 30 2019,Kittitas,WA,Passenger,71,35,106,29487,29593,0.36
August 31 2020,King,WA,Passenger,25168,7812,32980,1370354,1403334,2.35
July 31 2017,Skagit,WA,Truck,1,0,1,31482,31483,0
November 30 2023,San Juan,WA,Truck,22,0,22,5855,5877,0.37
February 28 2017,Asotin,WA,Truck,0,0,0,6475,6475,0
February 28 2022,Lewis,WA,Truck,0,0,0,26601,26601,0
May 31 2020,Franklin,WA,Truck,0,0,0,19863,19863,0
July 31 2020,Jefferson,WA,Passenger,249,142,391,24732,25123,1.56
November 30 2019,Stevens,WA,Truck,0,0,0,18794,18794,0
September 30 2017,Lincoln,WA,Passenger,2,6,8,7562,7570,0.11
June 30 2023,Wahkiakum,WA,Passenger,26,17,43,3036,3079,1.4
May 31 2018,Okanogan,WA,Truck,0,0,0,16411,16411,0
May 31 2017,Wahkiakum,WA,Truck,0,0,0,1643,1643,0
April 30 2019,Clark,WA,Truck,0,0,0,80094,80094,0
June 30 2021,Jefferson,WA,Passenger,330,184,514,24875,25389,2.02
February 28 2022,Pacific,WA,Passenger,58,65,123,16015,16138,0.76
June 30 2018,Garfield,WA,Truck,0,0,0,949,949,0
November 30 2020,Skagit,WA,Truck,1,0,1,32706,32707,0
May 31 2021,Skamania,WA,Truck,0,0,0,4027,4027,0
December 31 2020,Lewis,WA,Truck,0,0,0,26622,26622,0
June 30 2018,Skagit,WA,Passenger,206,166,372,90481,90853,0.41
July 31 2019,Mason,WA,Passenger,127,124,251,47303,47554,0.53
September 30 2023,Mason,WA,Passenger,498,216,714,46059,46773,1.53
June 30 2022,Grant,WA,Passenger,175,99,274,66763,67037,0.41
June 30 2023,Pierce,WA,Truck,164,0,164,137223,137387,0.12
July 31 2022,Adams,WA,Truck,1,0,1,5456,5457,0.02
August 31 2018,Wahkiakum,WA,Passenger,1,1,2,2959,2961,0.07
March 31 2018,Walla Walla,WA,Truck,0,0,0,13312,13312,0
July 31 2018,Cowlitz,WA,Truck,0,0,0,28557,28557,0
June 30 2021,Grays Harbor,WA,Truck,0,0,0,21446,21446,0
December 31 2023,Benton,WA,Passenger,1378,638,2016,134076,136092,1.48
December 31 2017,Stevens,WA,Truck,0,0,0,18374,18374,0
October 31 2020,Columbia,WA,Truck,0,0,0,1531,1531,0
October 31 2019,Cowlitz,WA,Passenger,112,106,218,73557,73775,0.3
February 28 2019,Okanogan,WA,Truck,0,0,0,16469,16469,0
January 31 2024,Klickitat,WA,Passenger,185,75,260,14822,15082,1.72
January 31 2024,Adams,WA,Passenger,31,14,45,12855,12900,0.35
September 30 2022,Lewis,WA,Truck,1,0,1,26338,26339,0
March 31 2023,Klickitat,WA,Truck,6,0,6,8286,8292,0.07
December 31 2023,Lincoln,WA,Truck,0,0,0,4735,4735,0
October 31 2020,Clark,WA,Truck,0,0,0,83142,83142,0
July 31 2022,Columbia,WA,Truck,0,0,0,1577,1577,0
October 31 2022,Pend Oreille,WA,Passenger,18,12,30,8995,9025,0.33
August 31 2017,Asotin,WA,Passenger,8,5,13,12438,12451,0.1
November 30 2019,Benton,WA,Passenger,309,308,617,135081,135698,0.45
July 31 2020,Cowlitz,WA,Passenger,146,117,263,72224,72487,0.36
April 30 2018,Pacific,WA,Truck,0,0,0,7595,7595,0
August 31 2022,Kittitas,WA,Passenger,284,88,372,29593,29965,1.24
October 31 2022,Garfield,WA,Passenger,1,3,4,1308,1312,0.3
February 29 2024,King,WA,Truck,1164,2,1166,165834,167000,0.7
July 31 2021,Chelan,WA,Truck,0,0,0,23093,23093,0
December 31 2022,Lincoln,WA,Truck,0,0,0,4841,4841,0
October 31 2019,Clark,WA,Truck,0,0,0,81141,81141,0
October 31 2021,Spokane,WA,Truck,0,0,0,102532,102532,0
December 31 2022,Klickitat,WA,Truck,4,0,4,8234,8238,0.05
August 31 2023,Adams,WA,Passenger,25,12,37,13078,13115,0.28
April 30 2017,King,WA,Truck,8,1,9,188921,188930,0
August 31 2018,Whatcom,WA,Truck,2,0,2,42395,42397,0
January 31 2022,Columbia,WA,Passenger,6,2,8,2450,2458,0.33
January 31 2018,Mason,WA,Passenger,65,75,140,44969,45109,0.31
February 29 2024,Okanogan,WA,Truck,10,0,10,15655,15665,0.06
November 30 2021,Yakima,WA,Passenger,272,167,439,168582,169021,0.26
July 31 2023,Okanogan,WA,Passenger,129,65,194,26106,26300,0.74
November 30 2020,Garfield,WA,Truck,0,0,0,995,995,0
March 31 2017,Cowlitz,WA,Truck,0,0,0,27903,27903,0
March 31 2023,Skagit,WA,Passenger,1022,383,1405,89122,90527,1.55
December 31 2022,Clark,WA,Passenger,4919,2025,6944,314671,321615,2.16
May 31 2023,Mason,WA,Truck,10,0,10,20728,20738,0.05
September 30 2022,Cowlitz,WA,Passenger,368,180,548,70311,70859,0.77
January 31 2018,Garfield,WA,Passenger,1,0,1,1329,1330,0.08
March 31 2019,Skamania,WA,Truck,0,0,0,4016,4016,0
September 30 2018,Island,WA,Truck,0,0,0,21087,21087,0
June 30 2017,Mason,WA,Truck,0,0,0,19267,19267,0
June 30 2020,Cowlitz,WA,Truck,0,0,0,28863,28863,0
July 31 2021,San Juan,WA,Passenger,443,139,582,14234,14816,3.93
May 31 2021,Adams,WA,Truck,0,0,0,5373,5373,0
December 31 2020,Columbia,WA,Truck,0,0,0,1542,1542,0
January 31 2018,Klickitat,WA,Passenger,24,26,50,14933,14983,0.33
October 31 2023,Whitman,WA,Truck,5,0,5,8626,8631,0.06
March 31 2020,Ferry,WA,Passenger,5,3,8,4366,4374,0.18
September 30 2023,Adams,WA,Truck,3,0,3,5338,5341,0.06
April 30 2019,Chelan,WA,Truck,0,0,0,22171,22171,0
February 28 2017,Ferry,WA,Truck,0,0,0,3562,3562,0
February 28 2018,Ferry,WA,Truck,0,0,0,3528,3528,0
September 30 2023,Benton,WA,Passenger,1265,612,1877,135023,136900,1.37
May 31 2019,Skagit,WA,Passenger,292,200,492,91693,92185,0.53
September 30 2019,Stevens,WA,Passenger,27,28,55,31654,31709,0.17
December 31 2022,Douglas,WA,Passenger,168,58,226,28490,28716,0.79
February 28 2023,Garfield,WA,Passenger,1,3,4,1311,1315,0.3
January 31 2017,Whitman,WA,Truck,0,0,0,8404,8404,0
February 28 2019,Grant,WA,Truck,0,0,0,26310,26310,0
July 31 2017,Garfield,WA,Passenger,0,0,0,1296,1296,0
August 31 2017,Skamania,WA,Passenger,10,7,17,8569,8586,0.2
June 30 2023,Island,WA,Truck,32,0,32,21055,21087,0.15
January 31 2023,Whatcom,WA,Truck,37,0,37,42974,43011,0.09
August 31 2020,Whatcom,WA,Truck,3,0,3,43274,43277,0.01
March 31 2018,Columbia,WA,Truck,0,0,0,1532,1532,0
September 30 2023,Skagit,WA,Truck,27,0,27,31672,31699,0.09
February 28 2023,Pierce,WA,Truck,111,0,111,138588,138699,0.08
April 30 2021,Benton,WA,Passenger,494,377,871,136048,136919,0.64
May 31 2017,Kitsap,WA,Truck,1,0,1,52376,52377,0
October 31 2020,Stevens,WA,Passenger,36,39,75,30353,30428,0.25
April 30 2022,Whitman,WA,Passenger,83,56,139,22022,22161,0.63
December 31 2021,Jefferson,WA,Truck,0,0,0,9597,9597,0
April 30 2021,Stevens,WA,Truck,0,0,0,18871,18871,0
April 30 2018,San Juan,WA,Passenger,141,53,194,13955,14149,1.37
December 31 2021,Pend Oreille,WA,Passenger,18,9,27,9123,9150,0.3
December 31 2017,Kitsap,WA,Truck,1,0,1,52688,52689,0
November 30 2017,Wahkiakum,WA,Truck,0,0,0,1661,1661,0
February 29 2024,Wahkiakum,WA,Truck,4,0,4,1695,1699,0.24
August 31 2021,King,WA,Truck,5,1,6,183996,184002,0
January 31 2018,Whatcom,WA,Passenger,548,238,786,145485,146271,0.54
March 31 2020,Pacific,WA,Truck,0,0,0,7710,7710,0
July 31 2019,Mason,WA,Truck,0,0,0,20405,20405,0
April 30 2017,Douglas,WA,Truck,0,0,0,11450,11450,0
December 31 2022,Lewis,WA,Truck,1,0,1,26282,26283,0
October 31 2020,Mason,WA,Truck,0,0,0,20826,20826,0
January 31 2020,Grant,WA,Passenger,58,71,129,65611,65740,0.2
November 30 2020,Douglas,WA,Passenger,82,43,125,28125,28250,0.44
November 30 2017,Snohomish,WA,Passenger,1987,1018,3005,515966,518971,0.58
July 31 2018,Whitman,WA,Truck,0,0,0,8499,8499,0
January 31 2024,Island,WA,Passenger,1329,488,1817,60144,61961,2.93
October 31 2019,Douglas,WA,Truck,0,0,0,12290,12290,0
July 31 2019,Adams,WA,Truck,0,0,0,5129,5129,0
June 30 2019,Spokane,WA,Passenger,538,433,971,311743,312714,0.31
November 30 2018,Snohomish,WA,Passenger,2789,1415,4204,526704,530908,0.79
July 31 2019,Cowlitz,WA,Passenger,106,107,213,73133,73346,0.29
July 31 2019,Thurston,WA,Passenger,905,651,1556,198066,199622,0.78
May 31 2018,Snohomish,WA,Truck,1,0,1,121480,121481,0
January 31 2024,Wahkiakum,WA,Truck,4,0,4,1713,1717,0.23
June 30 2022,Clallam,WA,Truck,3,0,3,21921,21924,0.01
January 31 2018,Klickitat,WA,Truck,0,0,0,7992,7992,0
September 30 2023,Walla Walla,WA,Passenger,246,121,367,35383,35750,1.03
March 31 2023,Benton,WA,Passenger,1039,534,1573,135673,137246,1.15
November 30 2017,Okanogan,WA,Passenger,5,17,22,25722,25744,0.09
May 31 2020,Clark,WA,Passenger,2003,1055,3058,317421,320479,0.95
February 28 2021,Kittitas,WA,Passenger,142,53,195,29819,30014,0.65
August 31 2019,Garfield,WA,Passenger,0,1,1,1305,1306,0.08
September 30 2017,Columbia,WA,Truck,0,0,0,1558,1558,0
April 30 2021,Adams,WA,Truck,0,0,0,5405,5405,0
February 28 2019,Grant,WA,Passenger,33,55,88,64273,64361,0.14
June 30 2023,Yakima,WA,Passenger,502,257,759,166181,166940,0.45
November 30 2020,Jefferson,WA,Passenger,276,153,429,24718,25147,1.71
December 31 2023,Whatcom,WA,Passenger,2926,1040,3966,146006,149972,2.64
May 31 2018,Grays Harbor,WA,Passenger,50,55,105,46405,46510,0.23
March 31 2021,Clallam,WA,Passenger,299,199,498,50117,50615,0.98
May 31 2017,Klickitat,WA,Truck,0,0,0,7958,7958,0
February 28 2023,Pacific,WA,Truck,2,0,2,7824,7826,0.03
October 31 2017,Skamania,WA,Passenger,10,7,17,8570,8587,0.2
September 30 2022,Chelan,WA,Passenger,493,135,628,54084,54712,1.15
March 31 2017,Lincoln,WA,Truck,0,0,0,4469,4469,0
January 31 2023,San Juan,WA,Passenger,570,173,743,13867,14610,5.09
July 31 2017,Klickitat,WA,Passenger,23,24,47,14804,14851,0.32
January 31 2021,Lewis,WA,Passenger,126,133,259,58897,59156,0.44
June 30 2020,Stevens,WA,Passenger,36,33,69,30637,30706,0.22
September 30 2023,Yakima,WA,Truck,15,0,15,60861,60876,0.02
April 30 2022,Grays Harbor,WA,Passenger,200,158,358,49190,49548,0.72
November 30 2021,Franklin,WA,Passenger,154,103,257,62249,62506,0.41
January 31 2018,Kittitas,WA,Passenger,37,27,64,28634,28698,0.22
January 31 2021,Cowlitz,WA,Truck,0,0,0,28970,28970,0
August 31 2018,Klickitat,WA,Truck,0,0,0,8153,8153,0
May 31 2022,Thurston,WA,Truck,4,0,4,55373,55377,0.01
April 30 2017,Island,WA,Truck,0,0,0,20521,20521,0
June 30 2019,Jefferson,WA,Truck,0,0,0,9663,9663,0
February 28 2017,Ferry,WA,Passenger,2,1,3,4392,4395,0.07
October 31 2018,Okanogan,WA,Truck,0,0,0,16505,16505,0
December 31 2021,Kittitas,WA,Truck,0,0,0,14796,14796,0
June 30 2021,Benton,WA,Passenger,516,394,910,136347,137257,0.66
July 31 2023,Grays Harbor,WA,Passenger,320,193,513,48247,48760,1.05
July 31 2021,Benton,WA,Truck,0,0,0,43649,43649,0
May 31 2019,Whatcom,WA,Passenger,837,412,1249,150404,151653,0.82
February 28 2019,Franklin,WA,Passenger,50,70,120,59291,59411,0.2
May 31 2023,Lincoln,WA,Passenger,17,18,35,7700,7735,0.45
July 31 2019,Asotin,WA,Passenger,12,8,20,12654,12674,0.16
August 31 2018,Okanogan,WA,Truck,0,0,0,16472,16472,0
November 30 2023,Benton,WA,Truck,35,0,35,42671,42706,0.08
September 30 2020,Pierce,WA,Truck,0,0,0,143944,143944,0
June 30 2023,Mason,WA,Passenger,446,206,652,46322,46974,1.39
June 30 2023,Jefferson,WA,Truck,12,0,12,9336,9348,0.13
October 31 2023,Island,WA,Truck,35,0,35,20855,20890,0.17
February 29 2020,Jefferson,WA,Passenger,230,139,369,25168,25537,1.44
January 31 2021,Grant,WA,Truck,0,0,0,27588,27588,0
September 30 2020,Snohomish,WA,Passenger,4693,1806,6499,537111,543610,1.2
January 31 2017,Okanogan,WA,Passenger,3,15,18,25811,25829,0.07
November 30 2019,Pierce,WA,Passenger,2083,1634,3717,547321,551038,0.67
March 31 2022,Grays Harbor,WA,Truck,0,0,0,21357,21357,0
July 31 2018,Yakima,WA,Passenger,65,93,158,163953,164111,0.1
February 28 2021,Grays Harbor,WA,Passenger,142,130,272,48779,49051,0.55
December 31 2019,Ferry,WA,Passenger,5,2,7,4399,4406,0.16
July 31 2017,Garfield,WA,Truck,0,0,0,925,925,0
March 31 2020,Columbia,WA,Truck,0,0,0,1533,1533,0
April 30 2019,Skagit,WA,Passenger,292,197,489,91530,92019,0.53
January 31 2018,Adams,WA,Truck,0,0,0,5147,5147,0
January 31 2019,Columbia,WA,Passenger,2,2,4,2424,2428,0.16
February 28 2023,Cowlitz,WA,Passenger,426,193,619,70197,70816,0.87
June 30 2021,Snohomish,WA,Truck,1,0,1,126245,126246,0
March 31 2017,Skagit,WA,Truck,1,0,1,31425,31426,0
October 31 2021,Whatcom,WA,Passenger,1581,646,2227,150330,152557,1.46
September 30 2022,Lincoln,WA,Passenger,10,16,26,7716,7742,0.34
November 30 2020,Asotin,WA,Truck,0,0,0,6667,6667,0
July 31 2020,Mason,WA,Truck,0,0,0,20707,20707,0
November 30 2018,Whitman,WA,Truck,0,0,0,8535,8535,0
November 30 2020,Snohomish,WA,Truck,0,0,0,125450,125450,0
May 31 2018,Pend Oreille,WA,Truck,0,0,0,5671,5671,0
May 31 2020,Garfield,WA,Passenger,0,1,1,1346,1347,0.07
April 30 2019,Pierce,WA,Truck,0,0,0,139324,139324,0
April 30 2017,Okanogan,WA,Passenger,3,16,19,25590,25609,0.07
January 31 2020,Chelan,WA,Passenger,213,77,290,54610,54900,0.53
June 30 2019,Ferry,WA,Passenger,5,2,7,4389,4396,0.16
December 31 2019,Pierce,WA,Passenger,2127,1650,3777,547673,551450,0.68
January 31 2021,Whitman,WA,Passenger,51,46,97,21831,21928,0.44
February 28 2018,Lewis,WA,Truck,0,0,0,25272,25272,0
June 30 2022,Chelan,WA,Truck,3,0,3,23057,23060,0.01
March 31 2021,Franklin,WA,Truck,0,0,0,20605,20605,0
January 31 2018,Spokane,WA,Passenger,300,255,555,300751,301306,0.18
November 30 2017,Clallam,WA,Truck,0,0,0,21182,21182,0
October 31 2019,Thurston,WA,Truck,0,0,0,55642,55642,0
March 31 2022,Skamania,WA,Truck,0,0,0,3969,3969,0
September 30 2018,Skamania,WA,Passenger,15,11,26,8708,8734,0.3
July 31 2020,Grays Harbor,WA,Truck,0,0,0,20976,20976,0
November 30 2022,Kitsap,WA,Passenger,2693,1132,3825,177127,180952,2.11
November 30 2018,Benton,WA,Passenger,209,224,433,132774,133207,0.33
August 31 2018,Benton,WA,Passenger,189,198,387,132197,132584,0.29
June 30 2021,Lewis,WA,Passenger,163,141,304,59665,59969,0.51
February 28 2018,Chelan,WA,Truck,0,0,0,21667,21667,0
March 31 2022,Kittitas,WA,Truck,0,0,0,14723,14723,0
August 31 2022,Franklin,WA,Passenger,224,113,337,61892,62229,0.54
March 31 2018,Asotin,WA,Passenger,8,5,13,12622,12635,0.1
March 31 2017,Kitsap,WA,Passenger,572,289,861,172466,173327,0.5
April 30 2018,Skagit,WA,Passenger,182,155,337,90032,90369,0.37
May 31 2019,Island,WA,Truck,0,0,0,21234,21234,0
July 31 2018,Skamania,WA,Truck,0,0,0,3961,3961,0
February 29 2024,Cowlitz,WA,Passenger,612,259,871,67001,67872,1.28
September 30 2022,Grays Harbor,WA,Passenger,224,166,390,48742,49132,0.79
February 28 2023,Benton,WA,Truck,15,0,15,43349,43364,0.03
August 31 2023,Benton,WA,Truck,27,0,27,43157,43184,0.06
October 31 2020,Whitman,WA,Passenger,50,46,96,21971,22067,0.44
September 30 2022,Thurston,WA,Passenger,2380,1100,3480,192504,195984,1.78
April 30 2019,Lincoln,WA,Passenger,3,6,9,7756,7765,0.12
May 31 2021,Clallam,WA,Passenger,321,208,529,50421,50950,1.04
November 30 2020,Garfield,WA,Passenger,0,1,1,1362,1363,0.07
September 30 2021,Jefferson,WA,Truck,0,0,0,9616,9616,0
February 29 2024,Clallam,WA,Truck,27,0,27,20759,20786,0.13
April 30 2021,Garfield,WA,Passenger,0,2,2,1374,1376,0.15
June 30 2018,Okanogan,WA,Truck,0,0,0,16433,16433,0
March 31 2021,Spokane,WA,Truck,0,0,0,101399,101399,0
March 31 2017,Douglas,WA,Truck,0,0,0,11440,11440,0
June 30 2019,Klickitat,WA,Truck,0,0,0,8247,8247,0
October 31 2021,Pend Oreille,WA,Passenger,18,7,25,9203,9228,0.27
October 31 2017,Clallam,WA,Truck,0,0,0,21148,21148,0
August 31 2019,Lewis,WA,Truck,0,0,0,25982,25982,0
December 31 2018,Klickitat,WA,Passenger,28,32,60,15430,15490,0.39
April 30 2018,Wahkiakum,WA,Passenger,1,3,4,2888,2892,0.14
July 31 2022,Lewis,WA,Truck,0,0,0,26331,26331,0
August 31 2021,San Juan,WA,Truck,0,0,0,5974,5974,0
October 31 2019,Adams,WA,Passenger,6,6,12,12907,12919,0.09
July 31 2017,Pend Oreille,WA,Truck,0,0,0,5581,5581,0
May 31 2023,Yakima,WA,Passenger,483,248,731,166003,166734,0.44
September 30 2021,Island,WA,Passenger,661,329,990,63103,64093,1.54
April 30 2019,Clark,WA,Passenger,1414,897,2311,312524,314835,0.73
November 30 2023,Pend Oreille,WA,Passenger,32,20,52,8704,8756,0.59
May 31 2017,Adams,WA,Passenger,2,3,5,12195,12200,0.04
October 31 2017,Chelan,WA,Truck,0,0,0,21490,21490,0
March 31 2018,Snohomish,WA,Passenger,2133,1158,3291,517854,521145,0.63
June 30 2023,Kittitas,WA,Passenger,358,106,464,29353,29817,1.56
February 28 2019,Whitman,WA,Passenger,25,40,65,22751,22816,0.28
June 30 2023,Spokane,WA,Truck,39,0,39,101789,101828,0.04
January 31 2019,Okanogan,WA,Truck,0,0,0,16478,16478,0
September 30 2023,Snohomish,WA,Passenger,14425,3314,17739,525819,543558,3.26
January 31 2018,Thurston,WA,Passenger,487,407,894,190616,191510,0.47
May 31 2021,Ferry,WA,Passenger,9,3,12,4374,4386,0.27
March 31 2020,Douglas,WA,Truck,0,0,0,12329,12329,0
December 31 2017,Jefferson,WA,Truck,0,0,0,9470,9470,0
February 28 2022,Walla Walla,WA,Truck,0,0,0,14070,14070,0
January 31 2019,Kitsap,WA,Truck,1,0,1,53722,53723,0
February 28 2022,Grant,WA,Truck,0,0,0,27997,27997,0
October 31 2022,Asotin,WA,Truck,0,0,0,6679,6679,0
January 31 2022,Spokane,WA,Truck,0,0,0,102574,102574,0
June 30 2023,Grant,WA,Passenger,282,126,408,67212,67620,0.6
June 30 2022,Jefferson,WA,Passenger,434,217,651,24575,25226,2.58
June 30 2022,Okanogan,WA,Truck,1,0,1,16636,16637,0.01
March 31 2023,Ferry,WA,Truck,0,0,0,3571,3571,0
January 31 2018,Walla Walla,WA,Truck,0,0,0,13324,13324,0
December 31 2023,Garfield,WA,Truck,0,0,0,964,964,0
January 31 2024,Pierce,WA,Truck,246,0,246,131470,131716,0.19
April 30 2021,Benton,WA,Truck,0,0,0,43683,43683,0
March 31 2019,San Juan,WA,Truck,0,0,0,5808,5808,0
December 31 2023,Pierce,WA,Passenger,9398,3191,12589,519371,531960,2.37
March 31 2021,Chelan,WA,Passenger,304,94,398,54531,54929,0.72
September 30 2017,Stevens,WA,Passenger,8,22,30,31539,31569,0.1
June 30 2018,Garfield,WA,Passenger,1,1,2,1316,1318,0.15
October 31 2018,Snohomish,WA,Passenger,2637,1378,4015,525875,529890,0.76
September 30 2021,Cowlitz,WA,Truck,0,1,1,29028,29029,0
May 31 2023,Klickitat,WA,Truck,11,0,11,8257,8268,0.13
November 30 2020,Lewis,WA,Truck,0,0,0,26547,26547,0
May 31 2019,Clark,WA,Truck,0,0,0,80175,80175,0
March 31 2017,Garfield,WA,Passenger,0,0,0,1283,1283,0
June 30 2019,Lincoln,WA,Passenger,2,8,10,7776,7786,0.13
April 30 2020,Franklin,WA,Passenger,58,76,134,60717,60851,0.22
January 31 2020,Ferry,WA,Truck,0,0,0,3587,3587,0
March 31 2023,Wahkiakum,WA,Truck,2,0,2,1787,1789,0.11
January 31 2024,Mason,WA,Truck,19,0,19,19944,19963,0.1
September 30 2018,Asotin,WA,Passenger,11,8,19,12675,12694,0.15
March 31 2017,Walla Walla,WA,Truck,0,0,0,13187,13187,0
February 28 2017,Island,WA,Passenger,100,122,222,59441,59663,0.37
September 30 2018,Skagit,WA,Passenger,222,176,398,90852,91250,0.44
July 31 2018,Pacific,WA,Truck,0,0,0,7610,7610,0
May 31 2021,Skamania,WA,Passenger,43,32,75,8386,8461,0.89
June 30 2018,Island,WA,Passenger,197,189,386,62509,62895,0.61
November 30 2017,Whitman,WA,Truck,0,0,0,8439,8439,0
January 31 2020,Whatcom,WA,Passenger,1032,486,1518,151747,153265,0.99
May 31 2021,Kittitas,WA,Truck,0,0,0,14769,14769,0
July 31 2023,Jefferson,WA,Passenger,576,262,838,24260,25098,3.34
August 31 2018,Clallam,WA,Passenger,128,115,243,50120,50363,0.48
March 31 2021,Columbia,WA,Passenger,5,4,9,2465,2474,0.36
November 30 2022,Pacific,WA,Passenger,70,79,149,15730,15879,0.94
July 31 2017,Benton,WA,Truck,0,0,0,40129,40129,0
March 31 2021,Skagit,WA,Passenger,539,260,799,91567,92366,0.87
February 28 2023,Asotin,WA,Passenger,30,20,50,12432,12482,0.4
October 31 2022,Lewis,WA,Passenger,260,181,441,59863,60304,0.73
January 31 2023,Franklin,WA,Truck,4,0,4,20960,20964,0.02
May 31 2018,Mason,WA,Passenger,77,91,168,45588,45756,0.37
June 30 2023,Lincoln,WA,Truck,0,0,0,4861,4861,0
September 30 2019,Mason,WA,Passenger,133,127,260,47431,47691,0.55
December 31 2021,Jefferson,WA,Passenger,381,194,575,24740,25315,2.27
June 30 2019,Clark,WA,Truck,0,0,0,80320,80320,0
May 31 2019,Garfield,WA,Passenger,1,1,2,1292,1294,0.15
June 30 2023,Cowlitz,WA,Truck,9,0,9,28285,28294,0.03
November 30 2022,Snohomish,WA,Truck,78,0,78,122683,122761,0.06
May 31 2019,Walla Walla,WA,Passenger,46,57,103,36160,36263,0.28
December 31 2019,Lincoln,WA,Passenger,1,11,12,7805,7817,0.15
April 30 2019,Okanogan,WA,Passenger,20,22,42,26015,26057,0.16
June 30 2020,Mason,WA,Passenger,159,133,292,47260,47552,0.61
July 31 2017,Asotin,WA,Passenger,8,4,12,12434,12446,0.1
December 31 2021,Thurston,WA,Truck,0,0,0,56001,56001,0
January 31 2017,Yakima,WA,Truck,0,0,0,57336,57336,0
April 30 2023,Columbia,WA,Passenger,8,1,9,2408,2417,0.37
January 31 2021,Pacific,WA,Passenger,35,37,72,15788,15860,0.45
July 31 2018,Island,WA,Passenger,206,195,401,62558,62959,0.64
November 30 2023,Yakima,WA,Truck,16,0,16,60318,60334,0.03
December 31 2017,Asotin,WA,Truck,0,0,0,6543,6543,0
June 30 2019,Benton,WA,Passenger,258,279,537,133769,134306,0.4
March 31 2019,Columbia,WA,Truck,0,0,0,1527,1527,0
September 30 2019,Chelan,WA,Passenger,174,71,245,54504,54749,0.45
December 31 2017,Pierce,WA,Passenger,1071,963,2034,526352,528386,0.38
July 31 2022,Garfield,WA,Passenger,1,3,4,1321,1325,0.3
March 31 2019,Stevens,WA,Passenger,18,27,45,31616,31661,0.14
June 30 2021,Island,WA,Passenger,617,317,934,63149,64083,1.46
October 31 2023,Pacific,WA,Passenger,89,100,189,15470,15659,1.21
July 31 2018,Spokane,WA,Truck,1,0,1,92852,92853,0
November 30 2020,Cowlitz,WA,Truck,0,0,0,28869,28869,0
June 30 2023,Pend Oreille,WA,Passenger,30,13,43,8887,8930,0.48
December 31 2023,King,WA,Passenger,68928,16519,85447,1303450,1388897,6.15
June 30 2021,Chelan,WA,Passenger,336,99,435,54739,55174,0.79
November 30 2021,Ferry,WA,Passenger,13,3,16,4457,4473,0.36
October 31 2021,Grant,WA,Truck,0,0,0,28006,28006,0
May 31 2019,Okanogan,WA,Truck,0,0,0,16505,16505,0
October 31 2023,Whatcom,WA,Truck,77,0,77,42319,42396,0.18
August 31 2020,Walla Walla,WA,Truck,0,0,0,13749,13749,0
December 31 2020,Garfield,WA,Passenger,0,2,2,1365,1367,0.15
July 31 2021,Whitman,WA,Truck,0,0,0,8594,8594,0
May 31 2021,Franklin,WA,Passenger,117,95,212,61938,62150,0.34
May 31 2020,Whitman,WA,Truck,0,0,0,8516,8516,0
August 31 2019,Pacific,WA,Truck,0,0,0,7677,7677,0
October 31 2019,Stevens,WA,Passenger,29,28,57,31609,31666,0.18
June 30 2017,San Juan,WA,Passenger,107,40,147,13549,13696,1.07
January 31 2023,Clark,WA,Passenger,5075,2072,7147,314513,321660,2.22
May 31 2020,Wahkiakum,WA,Passenger,6,6,12,2965,2977,0.4
December 31 2021,Spokane,WA,Passenger,1307,758,2065,327108,329173,0.63
May 31 2019,King,WA,Passenger,18614,6947,25561,1386918,1412479,1.81
October 31 2022,Island,WA,Passenger,899,388,1287,61468,62755,2.05
February 28 2017,Stevens,WA,Passenger,6,21,27,31311,31338,0.09
January 31 2019,Mason,WA,Passenger,108,113,221,46645,46866,0.47
July 31 2022,Chelan,WA,Truck,4,0,4,23041,23045,0.02
June 30 2020,Ferry,WA,Truck,0,0,0,3556,3556,0
June 30 2021,Clark,WA,Truck,0,0,0,84312,84312,0
February 28 2021,Lewis,WA,Truck,0,0,0,26703,26703,0
June 30 2018,Lewis,WA,Passenger,80,61,141,57687,57828,0.24
May 31 2018,Pierce,WA,Passenger,1185,1125,2310,530380,532690,0.43
September 30 2021,Spokane,WA,Passenger,1186,703,1889,325970,327859,0.58
July 31 2023,Mason,WA,Truck,12,0,12,20621,20633,0.06
July 31 2020,King,WA,Passenger,24900,7754,32654,1370643,1403297,2.33
July 31 2018,Thurston,WA,Passenger,577,496,1073,193684,194757,0.55
December 31 2023,Franklin,WA,Passenger,382,161,543,61634,62177,0.87
February 28 2017,Pend Oreille,WA,Truck,0,0,0,5572,5572,0
July 31 2018,Ferry,WA,Truck,0,0,0,3535,3535,0
November 30 2017,Clark,WA,Truck,0,0,0,78235,78235,0
November 30 2023,Thurston,WA,Truck,80,0,80,53155,53235,0.15
June 30 2022,Columbia,WA,Truck,0,0,0,1579,1579,0
November 30 2021,Asotin,WA,Truck,0,0,0,6757,6757,0
October 31 2020,Skamania,WA,Truck,0,0,0,3993,3993,0
November 30 2023,Lewis,WA,Truck,10,0,10,25537,25547,0.04
October 31 2020,San Juan,WA,Passenger,340,103,443,13963,14406,3.08
June 30 2021,Spokane,WA,Truck,0,0,0,102303,102303,0
May 31 2019,Skamania,WA,Truck,0,0,0,4051,4051,0
November 30 2021,Douglas,WA,Passenger,106,53,159,28604,28763,0.55
January 31 2023,Cowlitz,WA,Truck,7,0,7,28339,28346,0.02
May 31 2023,Kitsap,WA,Truck,69,0,69,52411,52480,0.13
December 31 2017,Snohomish,WA,Passenger,2016,1050,3066,516859,519925,0.59
July 31 2019,Skagit,WA,Truck,1,0,1,32520,32521,0
January 31 2023,Kitsap,WA,Truck,40,0,40,52854,52894,0.08
January 31 2020,Wahkiakum,WA,Passenger,4,5,9,3035,3044,0.3
July 31 2019,Columbia,WA,Truck,0,0,0,1529,1529,0
February 29 2020,Spokane,WA,Truck,1,0,1,97140,97141,0
May 31 2019,Snohomish,WA,Passenger,3371,1572,4943,530242,535185,0.92
October 31 2022,Mason,WA,Passenger,349,185,534,46918,47452,1.13
April 30 2018,Ferry,WA,Truck,0,0,0,3500,3500,0
May 31 2018,Clark,WA,Truck,0,0,0,78909,78909,0
November 30 2020,Okanogan,WA,Passenger,51,37,88,25976,26064,0.34
August 31 2020,San Juan,WA,Passenger,320,100,420,13921,14341,2.93
March 31 2022,Mason,WA,Passenger,285,169,454,47606,48060,0.94
August 31 2020,Yakima,WA,Passenger,147,122,269,166096,166365,0.16
January 31 2018,Cowlitz,WA,Passenger,54,69,123,70971,71094,0.17
December 31 2017,Lincoln,WA,Passenger,2,5,7,7568,7575,0.09
September 30 2017,Clark,WA,Truck,0,0,0,77859,77859,0
March 31 2017,Island,WA,Truck,0,0,0,20495,20495,0
September 30 2018,Whatcom,WA,Passenger,666,334,1000,148476,149476,0.67
October 31 2017,Jefferson,WA,Passenger,116,68,184,24071,24255,0.76
May 31 2018,Grant,WA,Truck,0,0,0,25863,25863,0
August 31 2017,Pacific,WA,Truck,0,0,0,7514,7514,0
February 29 2020,Wahkiakum,WA,Truck,0,0,0,1762,1762,0
November 30 2023,San Juan,WA,Passenger,675,190,865,13558,14423,6
April 30 2019,Walla Walla,WA,Truck,0,0,0,13603,13603,0
February 28 2022,Chelan,WA,Truck,0,0,0,23068,23068,0
June 30 2020,Spokane,WA,Truck,1,0,1,98308,98309,0
October 31 2017,Columbia,WA,Truck,0,0,0,1543,1543,0
October 31 2019,Ferry,WA,Truck,0,0,0,3576,3576,0
November 30 2023,Snohomish,WA,Passenger,15486,3486,18972,523152,542124,3.5
October 31 2017,Island,WA,Passenger,138,154,292,61064,61356,0.48
February 28 2022,Lewis,WA,Passenger,220,168,388,59426,59814,0.65
August 31 2019,Pend Oreille,WA,Truck,0,0,0,5719,5719,0
June 30 2018,Mason,WA,Truck,0,0,0,19949,19949,0
April 30 2022,Lewis,WA,Truck,0,0,0,26431,26431,0
April 30 2017,Franklin,WA,Truck,0,0,0,17992,17992,0
September 30 2019,Clallam,WA,Truck,1,0,1,21837,21838,0
January 31 2019,Chelan,WA,Truck,0,0,0,22104,22104,0
August 31 2017,Klickitat,WA,Truck,0,0,0,7961,7961,0
September 30 2019,Lewis,WA,Truck,0,0,0,25967,25967,0
March 31 2019,Kittitas,WA,Passenger,71,37,108,29437,29545,0.37
March 31 2022,Grays Harbor,WA,Passenger,205,157,362,49287,49649,0.73
March 31 2018,Mason,WA,Truck,0,0,0,19788,19788,0
April 30 2019,San Juan,WA,Truck,0,0,0,5831,5831,0
August 31 2022,Clark,WA,Passenger,4344,1851,6195,315228,321423,1.93
August 31 2019,Mason,WA,Truck,0,0,0,20407,20407,0
April 30 2017,Columbia,WA,Passenger,0,1,1,2359,2360,0.04
December 31 2021,Clallam,WA,Truck,1,0,1,22110,22111,0
February 29 2024,Franklin,WA,Truck,11,0,11,19983,19994,0.06
January 31 2017,Kittitas,WA,Truck,0,0,0,13413,13413,0
June 30 2023,Clark,WA,Truck,97,0,97,81493,81590,0.12
January 31 2023,Island,WA,Truck,20,0,20,21144,21164,0.09
April 30 2021,Pend Oreille,WA,Truck,0,0,0,5736,5736,0
November 30 2021,Snohomish,WA,Passenger,6832,2227,9059,538160,547219,1.66
November 30 2019,Pacific,WA,Truck,0,0,0,7737,7737,0
January 31 2017,Stevens,WA,Truck,0,0,0,18339,18339,0
January 31 2020,Benton,WA,Passenger,336,315,651,135297,135948,0.48
September 30 2018,Columbia,WA,Truck,0,0,0,1521,1521,0
August 31 2022,Lewis,WA,Passenger,242,179,421,59690,60111,0.7
June 30 2022,Franklin,WA,Truck,0,0,0,20885,20885,0
January 31 2023,Pend Oreille,WA,Truck,0,0,0,5576,5576,0
July 31 2021,Thurston,WA,Passenger,1658,891,2549,197609,200158,1.27
July 31 2022,King,WA,Truck,123,2,125,180262,180387,0.07
May 31 2017,Spokane,WA,Passenger,245,211,456,296350,296806,0.15
July 31 2020,Whitman,WA,Passenger,45,49,94,22115,22209,0.42
March 31 2021,Benton,WA,Passenger,464,369,833,135449,136282,0.61
July 31 2022,Clallam,WA,Truck,3,0,3,21877,21880,0.01
January 31 2023,Benton,WA,Passenger,958,512,1470,135842,137312,1.07
December 31 2020,Franklin,WA,Truck,0,0,0,20430,20430,0
June 30 2019,Whitman,WA,Truck,0,0,0,8586,8586,0
April 30 2021,Lewis,WA,Truck,0,0,0,26908,26908,0
March 31 2022,Adams,WA,Truck,0,0,0,5487,5487,0
March 31 2018,Pacific,WA,Passenger,15,18,33,15457,15490,0.21
March 31 2018,Klickitat,WA,Truck,0,0,0,8039,8039,0
June 30 2023,Benton,WA,Truck,25,0,25,43214,43239,0.06
March 31 2023,Adams,WA,Truck,2,0,2,5355,5357,0.04
November 30 2022,Lincoln,WA,Truck,0,0,0,4856,4856,0
April 30 2020,Douglas,WA,Passenger,69,40,109,28013,28122,0.39
September 30 2020,Whitman,WA,Truck,0,0,0,8500,8500,0
April 30 2020,Whitman,WA,Passenger,44,48,92,22305,22397,0.41
September 30 2020,Asotin,WA,Passenger,17,14,31,12394,12425,0.25
August 31 2017,Clallam,WA,Truck,0,0,0,21059,21059,0
January 31 2018,Pacific,WA,Truck,0,0,0,7533,7533,0
November 30 2022,Wahkiakum,WA,Truck,1,0,1,1802,1803,0.06
July 31 2019,Jefferson,WA,Passenger,202,118,320,25061,25381,1.26
July 31 2020,Stevens,WA,Passenger,37,35,72,30612,30684,0.23
October 31 2017,Lincoln,WA,Truck,0,0,0,4491,4491,0
January 31 2018,Lincoln,WA,Truck,0,0,0,4504,4504,0
June 30 2019,Pend Oreille,WA,Truck,0,0,0,5730,5730,0
July 31 2018,San Juan,WA,Passenger,149,62,211,14109,14320,1.47
March 31 2017,Okanogan,WA,Passenger,3,16,19,25637,25656,0.07
November 30 2020,Chelan,WA,Truck,0,0,0,22767,22767,0
May 31 2019,Asotin,WA,Passenger,12,8,20,12671,12691,0.16
July 31 2019,Yakima,WA,Passenger,109,107,216,165374,165590,0.13
October 31 2017,Kittitas,WA,Passenger,34,23,57,28114,28171,0.2
May 31 2019,Klickitat,WA,Truck,0,0,0,8233,8233,0
March 31 2021,Whitman,WA,Truck,0,0,0,8556,8556,0
December 31 2019,Island,WA,Passenger,375,254,629,63563,64192,0.98
June 30 2020,Okanogan,WA,Truck,0,0,0,16439,16439,0
December 31 2022,Ferry,WA,Truck,0,0,0,3552,3552,0
February 29 2024,Stevens,WA,Truck,3,0,3,17943,17946,0.02
September 30 2021,Grant,WA,Passenger,125,97,222,66846,67068,0.33
April 30 2018,Spokane,WA,Truck,1,0,1,92046,92047,0
March 31 2018,Whatcom,WA,Passenger,574,260,834,146094,146928,0.57
December 31 2021,San Juan,WA,Passenger,478,149,627,14182,14809,4.23
January 31 2017,Clallam,WA,Truck,0,0,0,21039,21039,0
April 30 2018,Asotin,WA,Truck,0,0,0,6593,6593,0
March 31 2017,Spokane,WA,Passenger,232,202,434,295427,295861,0.15
March 31 2019,Benton,WA,Truck,0,0,0,41532,41532,0
March 31 2020,Clallam,WA,Truck,1,0,1,21811,21812,0
September 30 2021,Chelan,WA,Truck,0,0,0,23096,23096,0
April 30 2023,Thurston,WA,Truck,55,0,55,54095,54150,0.1
December 31 2020,Walla Walla,WA,Truck,0,0,0,13869,13869,0
June 30 2021,Clark,WA,Passenger,2841,1422,4263,322410,326673,1.3
April 30 2018,Kitsap,WA,Passenger,742,441,1183,177346,178529,0.66
July 31 2020,San Juan,WA,Truck,0,0,0,5841,5841,0
April 30 2023,Clark,WA,Truck,82,0,82,81439,81521,0.1
October 31 2019,Chelan,WA,Passenger,191,75,266,54648,54914,0.48
April 30 2019,Franklin,WA,Truck,0,0,0,19212,19212,0
June 30 2017,Grant,WA,Passenger,20,27,47,60839,60886,0.08
June 30 2017,Klickitat,WA,Passenger,23,24,47,14800,14847,0.32
February 29 2024,Skagit,WA,Truck,38,0,38,30317,30355,0.13
January 31 2023,Skagit,WA,Truck,11,0,11,32080,32091,0.03
June 30 2020,Wahkiakum,WA,Passenger,6,6,12,2991,3003,0.4
May 31 2022,Grant,WA,Passenger,166,97,263,66674,66937,0.39
February 28 2019,Ferry,WA,Passenger,3,2,5,4378,4383,0.11
December 31 2018,Yakima,WA,Passenger,82,99,181,164742,164923,0.11
April 30 2017,Pacific,WA,Passenger,9,8,17,15076,15093,0.11
June 30 2018,Pend Oreille,WA,Truck,0,0,0,5682,5682,0
February 28 2018,Douglas,WA,Truck,0,0,0,11811,11811,0
September 30 2017,Klickitat,WA,Truck,0,0,0,7979,7979,0
September 30 2023,Kittitas,WA,Truck,11,0,11,14567,14578,0.08
May 31 2018,Yakima,WA,Truck,0,0,0,58334,58334,0
September 30 2019,Clark,WA,Truck,0,0,0,80957,80957,0
February 28 2019,Columbia,WA,Passenger,2,2,4,2431,2435,0.16
October 31 2022,San Juan,WA,Truck,7,0,7,5946,5953,0.12
May 31 2018,Asotin,WA,Truck,0,0,0,6630,6630,0
April 30 2021,Spokane,WA,Passenger,999,611,1610,324699,326309,0.49
August 31 2017,Yakima,WA,Truck,0,0,0,57641,57641,0
January 31 2020,King,WA,Passenger,23191,7618,30809,1398712,1429521,2.16
November 30 2020,Stevens,WA,Passenger,36,39,75,30260,30335,0.25
May 31 2019,Wahkiakum,WA,Passenger,2,2,4,3015,3019,0.13
January 31 2022,Skamania,WA,Passenger,60,43,103,8301,8404,1.23
April 30 2018,Snohomish,WA,Truck,1,0,1,121258,121259,0
May 31 2023,Whatcom,WA,Passenger,2395,871,3266,147891,151157,2.16
August 31 2021,Skagit,WA,Passenger,620,287,907,91674,92581,0.98
December 31 2023,Walla Walla,WA,Passenger,264,133,397,35007,35404,1.12
September 30 2017,Grays Harbor,WA,Truck,0,0,0,19973,19973,0
July 31 2021,Grant,WA,Passenger,120,90,210,66885,67095,0.31
June 30 2021,Ferry,WA,Truck,0,0,0,3642,3642,0
May 31 2022,Walla Walla,WA,Truck,0,0,0,13969,13969,0
March 31 2018,Mason,WA,Passenger,68,81,149,45209,45358,0.33
July 31 2021,Grant,WA,Truck,0,0,0,27925,27925,0
September 30 2018,Whitman,WA,Passenger,20,32,52,22683,22735,0.23
January 31 2019,Jefferson,WA,Truck,0,0,0,9614,9614,0
March 31 2021,Pierce,WA,Passenger,3125,1844,4969,556361,561330,0.89
March 31 2022,Franklin,WA,Passenger,179,106,285,62046,62331,0.46
August 31 2017,Douglas,WA,Truck,0,0,0,11570,11570,0
April 30 2019,Kitsap,WA,Passenger,1008,575,1583,180155,181738,0.87
August 31 2020,Grays Harbor,WA,Truck,0,0,0,21028,21028,0
June 30 2022,King,WA,Truck,66,1,67,180809,180876,0.04
April 30 2021,San Juan,WA,Passenger,406,125,531,14141,14672,3.62
May 31 2019,Cowlitz,WA,Truck,0,0,0,28840,28840,0
April 30 2019,King,WA,Truck,5,1,6,181790,181796,0
April 30 2022,Kitsap,WA,Passenger,2322,1019,3341,178798,182139,1.83
May 31 2023,Franklin,WA,Passenger,301,138,439,62054,62493,0.7
October 31 2023,Spokane,WA,Truck,48,0,48,101284,101332,0.05
September 30 2021,Skamania,WA,Truck,0,0,0,4038,4038,0
September 30 2023,Pacific,WA,Truck,5,0,5,7827,7832,0.06
December 31 2021,Snohomish,WA,Passenger,7018,2233,9251,537217,546468,1.69
October 31 2019,Jefferson,WA,Passenger,210,126,336,25154,25490,1.32
February 29 2020,Stevens,WA,Truck,0,0,0,18754,18754,0
February 28 2023,Chelan,WA,Truck,19,0,19,23132,23151,0.08
October 31 2019,Whatcom,WA,Truck,2,0,2,43093,43095,0
May 31 2019,Island,WA,Passenger,315,235,550,63320,63870,0.86
May 31 2018,Spokane,WA,Passenger,324,302,626,302408,303034,0.21
November 30 2018,Walla Walla,WA,Passenger,38,52,90,36091,36181,0.25
January 31 2020,Spokane,WA,Truck,1,0,1,96879,96880,0
August 31 2019,Grant,WA,Passenger,45,61,106,65161,65267,0.16
October 31 2019,Asotin,WA,Truck,0,0,0,6695,6695,0
December 31 2023,Clark,WA,Passenger,7108,2626,9734,309980,319714,3.04
October 31 2023,Douglas,WA,Passenger,237,77,314,28654,28968,1.08
October 31 2022,Skamania,WA,Truck,0,0,0,3897,3897,0
June 30 2020,Thurston,WA,Passenger,1143,735,1878,196783,198661,0.95
March 31 2023,Asotin,WA,Passenger,32,21,53,12409,12462,0.43
July 31 2017,Pacific,WA,Passenger,10,9,19,15191,15210,0.12
November 30 2019,San Juan,WA,Passenger,243,78,321,14400,14721,2.18
October 31 2019,Skamania,WA,Truck,0,0,0,4099,4099,0
February 28 2021,Yakima,WA,Truck,0,0,0,61140,61140,0
September 30 2019,Lewis,WA,Passenger,107,103,210,59358,59568,0.35
April 30 2021,Franklin,WA,Passenger,109,95,204,61924,62128,0.33
February 28 2021,Jefferson,WA,Truck,0,0,0,9573,9573,0
January 31 2021,Clallam,WA,Passenger,281,190,471,49968,50439,0.93
February 28 2017,Clallam,WA,Truck,0,0,0,21025,21025,0
July 31 2021,Columbia,WA,Passenger,6,2,8,2470,2478,0.32
November 30 2020,Wahkiakum,WA,Truck,0,0,0,1765,1765,0
September 30 2017,Skagit,WA,Truck,1,0,1,31546,31547,0
April 30 2020,Skamania,WA,Passenger,29,16,45,8610,8655,0.52
June 30 2017,Cowlitz,WA,Truck,0,0,0,27910,27910,0
July 31 2019,King,WA,Truck,5,1,6,182240,182246,0
December 31 2021,Mason,WA,Passenger,266,156,422,47746,48168,0.88
April 30 2022,Jefferson,WA,Passenger,415,210,625,24716,25341,2.47
February 28 2019,San Juan,WA,Truck,0,0,0,5796,5796,0
November 30 2022,Pend Oreille,WA,Truck,0,0,0,5604,5604,0
August 31 2017,Benton,WA,Passenger,161,147,308,129033,129341,0.24
February 28 2018,Benton,WA,Truck,0,0,0,40755,40755,0
August 31 2022,Skamania,WA,Truck,0,0,0,3902,3902,0
May 31 2018,Grant,WA,Passenger,30,44,74,63013,63087,0.12
October 31 2022,Kitsap,WA,Passenger,2627,1124,3751,177237,180988,2.07
November 30 2020,Grays Harbor,WA,Passenger,122,117,239,48530,48769,0.49
December 31 2022,Whatcom,WA,Passenger,2113,807,2920,148725,151645,1.93
November 30 2018,Franklin,WA,Truck,0,0,0,18982,18982,0
May 31 2018,Pend Oreille,WA,Passenger,4,5,9,9510,9519,0.09
November 30 2019,Chelan,WA,Truck,0,0,0,22515,22515,0
June 30 2020,Franklin,WA,Passenger,60,76,136,60628,60764,0.22
January 31 2023,Asotin,WA,Passenger,30,20,50,12449,12499,0.4
December 31 2017,Ferry,WA,Passenger,1,3,4,4402,4406,0.09
July 31 2018,Clallam,WA,Passenger,127,111,238,49983,50221,0.47
August 31 2022,Jefferson,WA,Passenger,453,223,676,24490,25166,2.69
September 30 2022,Mason,WA,Truck,4,0,4,20970,20974,0.02
July 31 2017,Skagit,WA,Passenger,141,104,245,88184,88429,0.28
August 31 2018,Lewis,WA,Truck,0,0,0,25607,25607,0
April 30 2023,Asotin,WA,Truck,0,0,0,6612,6612,0
March 31 2018,Lincoln,WA,Truck,0,0,0,4514,4514,0
March 31 2021,San Juan,WA,Passenger,394,123,517,14111,14628,3.53
December 31 2020,Mason,WA,Passenger,173,131,304,47630,47934,0.63
December 31 2023,Stevens,WA,Truck,3,0,3,18403,18406,0.02
November 30 2018,Douglas,WA,Truck,0,0,0,12121,12121,0
November 30 2017,Franklin,WA,Passenger,31,48,79,56675,56754,0.14
August 31 2023,Pend Oreille,WA,Truck,0,0,0,5607,5607,0
May 31 2017,Benton,WA,Truck,0,0,0,39975,39975,0
November 30 2017,Cowlitz,WA,Passenger,54,65,119,70588,70707,0.17
August 31 2023,Okanogan,WA,Truck,7,0,7,16377,16384,0.04
February 29 2024,Garfield,WA,Truck,0,0,0,943,943,0
January 31 2018,Skamania,WA,Truck,0,0,0,3901,3901,0
July 31 2021,Ferry,WA,Passenger,9,3,12,4379,4391,0.27
March 31 2023,Douglas,WA,Passenger,181,57,238,28649,28887,0.82
December 31 2018,Kittitas,WA,Truck,0,0,0,14200,14200,0
February 28 2019,Mason,WA,Passenger,109,115,224,46660,46884,0.48
November 30 2023,Kitsap,WA,Truck,97,0,97,51558,51655,0.19
November 30 2021,San Juan,WA,Truck,0,0,0,5994,5994,0
December 31 2017,Whatcom,WA,Truck,1,0,1,42018,42019,0
November 30 2022,Clallam,WA,Passenger,470,261,731,49401,50132,1.46
October 31 2017,Okanogan,WA,Passenger,5,17,22,25704,25726,0.09
July 31 2023,Pend Oreille,WA,Truck,0,0,0,5614,5614,0
January 31 2019,Lewis,WA,Truck,0,0,0,25660,25660,0
November 30 2017,Skagit,WA,Passenger,159,131,290,89318,89608,0.32
March 31 2022,Walla Walla,WA,Passenger,157,90,247,36103,36350,0.68
August 31 2023,Douglas,WA,Passenger,220,68,288,28740,29028,0.99
February 28 2023,Spokane,WA,Truck,25,0,25,101785,101810,0.02
February 29 2020,Cowlitz,WA,Truck,0,0,0,28990,28990,0
April 30 2018,Benton,WA,Truck,0,0,0,40855,40855,0
February 29 2020,Skagit,WA,Passenger,379,215,594,92452,93046,0.64
June 30 2020,Columbia,WA,Passenger,4,3,7,2416,2423,0.29
August 31 2022,Grays Harbor,WA,Passenger,218,163,381,48800,49181,0.77
September 30 2018,Pacific,WA,Passenger,18,22,40,15725,15765,0.25
December 31 2018,Pend Oreille,WA,Truck,0,0,0,5739,5739,0
August 31 2023,Ferry,WA,Truck,0,0,0,3551,3551,0
February 28 2017,Douglas,WA,Passenger,30,19,49,26545,26594,0.18
June 30 2020,Spokane,WA,Passenger,729,486,1215,315351,316566,0.38
January 31 2024,Clark,WA,Truck,155,0,155,78971,79126,0.2
December 31 2020,Kitsap,WA,Truck,0,0,0,54346,54346,0
September 30 2023,Lincoln,WA,Truck,0,0,0,4818,4818,0
January 31 2019,Adams,WA,Passenger,5,6,11,12737,12748,0.09
July 31 2019,Kittitas,WA,Passenger,79,41,120,29679,29799,0.4
November 30 2019,Walla Walla,WA,Truck,0,0,0,13673,13673,0
February 29 2024,Jefferson,WA,Passenger,669,278,947,23506,24453,3.87
January 31 2019,Clark,WA,Passenger,1313,868,2181,312049,314230,0.69
June 30 2018,Adams,WA,Passenger,5,5,10,12612,12622,0.08
July 31 2022,Clallam,WA,Passenger,432,246,678,49635,50313,1.35
November 30 2023,Garfield,WA,Truck,0,0,0,967,967,0
January 31 2021,Adams,WA,Passenger,10,6,16,12967,12983,0.12
October 31 2019,Franklin,WA,Passenger,53,76,129,60615,60744,0.21
July 31 2022,Spokane,WA,Passenger,1671,864,2535,324344,326879,0.78
January 31 2018,Mason,WA,Truck,0,0,0,19641,19641,0
January 31 2017,Whitman,WA,Passenger,8,19,27,21931,21958,0.12
December 31 2023,Cowlitz,WA,Passenger,587,251,838,68882,69720,1.2
October 31 2020,Walla Walla,WA,Passenger,86,65,151,36005,36156,0.42
December 31 2020,Lewis,WA,Passenger,123,124,247,58839,59086,0.42
November 30 2019,Wahkiakum,WA,Truck,0,0,0,1752,1752,0
January 31 2020,Chelan,WA,Truck,0,0,0,22570,22570,0
May 31 2023,Chelan,WA,Truck,29,0,29,23137,23166,0.13
October 31 2022,Pend Oreille,WA,Truck,0,0,0,5614,5614,0
May 31 2020,Okanogan,WA,Truck,0,0,0,16384,16384,0
December 31 2018,Jefferson,WA,Truck,0,0,0,9601,9601,0
November 30 2020,Adams,WA,Truck,0,0,0,5323,5323,0
December 31 2021,Island,WA,Passenger,713,340,1053,62625,63678,1.65
September 30 2018,Wahkiakum,WA,Truck,0,0,0,1691,1691,0
August 31 2019,Adams,WA,Truck,0,0,0,5135,5135,0
November 30 2020,Mason,WA,Truck,0,0,0,20849,20849,0
May 31 2019,Yakima,WA,Passenger,94,104,198,164991,165189,0.12
March 31 2018,Ferry,WA,Passenger,1,3,4,4403,4407,0.09
November 30 2021,Benton,WA,Passenger,623,435,1058,135934,136992,0.77
January 31 2024,Snohomish,WA,Passenger,16521,3638,20159,517104,537263,3.75
October 31 2020,Stevens,WA,Truck,0,0,0,18692,18692,0
March 31 2019,Skamania,WA,Passenger,21,15,36,8718,8754,0.41
December 31 2019,King,WA,Passenger,21947,7541,29488,1394369,1423857,2.07
April 30 2020,Columbia,WA,Passenger,3,3,6,2408,2414,0.25
February 28 2018,Grays Harbor,WA,Passenger,42,44,86,45887,45973,0.19
June 30 2022,Franklin,WA,Passenger,186,109,295,61944,62239,0.47
November 30 2022,Garfield,WA,Passenger,1,3,4,1301,1305,0.31
February 28 2018,King,WA,Truck,8,1,9,184048,184057,0
November 30 2023,Pierce,WA,Truck,223,0,223,133774,133997,0.17
July 31 2021,Chelan,WA,Passenger,350,101,451,54709,55160,0.82
September 30 2018,Walla Walla,WA,Passenger,36,50,86,35924,36010,0.24
June 30 2017,Wahkiakum,WA,Passenger,0,2,2,2832,2834,0.07
March 31 2020,Whatcom,WA,Truck,3,0,3,43022,43025,0.01
August 31 2020,Lincoln,WA,Truck,0,0,0,4650,4650,0
February 28 2023,Garfield,WA,Truck,0,0,0,978,978,0
April 30 2021,Whatcom,WA,Passenger,1355,582,1937,151087,153024,1.27
November 30 2021,San Juan,WA,Passenger,473,147,620,14188,14808,4.19
October 31 2023,Skagit,WA,Truck,31,0,31,31550,31581,0.1
April 30 2019,Pierce,WA,Passenger,1692,1485,3177,540751,543928,0.58
August 31 2018,Skagit,WA,Truck,1,0,1,32228,32229,0
October 31 2019,Grant,WA,Truck,0,0,0,26887,26887,0
March 31 2019,Garfield,WA,Passenger,1,1,2,1309,1311,0.15
November 30 2018,Clallam,WA,Truck,0,0,0,21612,21612,0
February 28 2019,Asotin,WA,Passenger,12,9,21,12679,12700,0.17
March 31 2021,Island,WA,Truck,0,0,0,21430,21430,0
May 31 2022,Kittitas,WA,Passenger,248,80,328,29747,30075,1.09
October 31 2017,Mason,WA,Truck,0,0,0,19463,19463,0
March 31 2022,Snohomish,WA,Truck,4,0,4,124772,124776,0
October 31 2017,Grays Harbor,WA,Passenger,38,41,79,45369,45448,0.17
April 30 2018,Cowlitz,WA,Passenger,55,73,128,71356,71484,0.18
April 30 2020,Walla Walla,WA,Passenger,69,63,132,35992,36124,0.37
July 31 2020,Asotin,WA,Truck,0,0,0,6656,6656,0
March 31 2022,Jefferson,WA,Truck,0,0,0,9542,9542,0
November 30 2017,Thurston,WA,Passenger,457,380,837,189467,190304,0.44
June 30 2018,Lewis,WA,Truck,0,0,0,25481,25481,0
November 30 2023,Okanogan,WA,Passenger,153,75,228,25843,26071,0.87
June 30 2022,Island,WA,Passenger,817,378,1195,61760,62955,1.9
November 30 2022,Douglas,WA,Truck,2,0,2,12799,12801,0.02
July 31 2023,Wahkiakum,WA,Truck,3,0,3,1780,1783,0.17
May 31 2022,Wahkiakum,WA,Truck,0,0,0,1803,1803,0
December 31 2023,Skagit,WA,Truck,32,0,32,31195,31227,0.1
December 31 2019,Asotin,WA,Passenger,14,9,23,12677,12700,0.18
December 31 2021,Pacific,WA,Passenger,51,64,115,16059,16174,0.71
January 31 2024,Walla Walla,WA,Truck,10,0,10,13395,13405,0.07
June 30 2022,Kitsap,WA,Truck,4,0,4,53580,53584,0.01
April 30 2019,Mason,WA,Truck,0,0,0,20319,20319,0
March 31 2023,Lincoln,WA,Truck,0,0,0,4845,4845,0
February 28 2018,Adams,WA,Passenger,5,4,9,12454,12463,0.07
August 31 2021,Pierce,WA,Truck,0,0,0,145565,145565,0
August 31 2022,Island,WA,Truck,9,0,9,21289,21298,0.04
December 31 2023,Clallam,WA,Passenger,660,315,975,48414,49389,1.97
February 28 2022,Thurston,WA,Passenger,1970,989,2959,195705,198664,1.49
June 30 2022,Mason,WA,Truck,1,0,1,21042,21043,0
January 31 2019,Franklin,WA,Truck,0,0,0,19123,19123,0
September 30 2017,Wahkiakum,WA,Passenger,0,2,2,2836,2838,0.07
January 31 2020,Grays Harbor,WA,Passenger,105,105,210,48497,48707,0.43
January 31 2022,Walla Walla,WA,Truck,0,0,0,14102,14102,0
November 30 2017,Pacific,WA,Passenger,15,11,26,15329,15355,0.17
December 31 2021,Grant,WA,Passenger,137,98,235,66940,67175,0.35
October 31 2018,Kitsap,WA,Passenger,879,507,1386,179895,181281,0.76
March 31 2019,Wahkiakum,WA,Passenger,1,1,2,3006,3008,0.07
January 31 2024,Chelan,WA,Passenger,757,218,975,53282,54257,1.8
December 31 2017,San Juan,WA,Passenger,132,43,175,13848,14023,1.25
September 30 2022,Douglas,WA,Truck,1,0,1,12779,12780,0.01
December 31 2017,Franklin,WA,Truck,0,0,0,18489,18489,0
April 30 2019,Wahkiakum,WA,Truck,0,0,0,1733,1733,0
July 31 2021,Snohomish,WA,Truck,1,0,1,126166,126167,0
April 30 2021,Grays Harbor,WA,Passenger,156,134,290,49347,49637,0.58
June 30 2018,Asotin,WA,Passenger,9,6,15,12599,12614,0.12
January 31 2023,Garfield,WA,Passenger,1,3,4,1314,1318,0.3
February 28 2019,Skagit,WA,Truck,1,0,1,32286,32287,0
April 30 2021,Pacific,WA,Truck,0,0,0,7916,7916,0
January 31 2022,Ferry,WA,Truck,0,0,0,3581,3581,0
March 31 2022,Cowlitz,WA,Passenger,293,172,465,71046,71511,0.65
January 31 2021,Okanogan,WA,Truck,0,0,0,16584,16584,0
September 30 2023,Whitman,WA,Truck,5,0,5,8668,8673,0.06
November 30 2018,King,WA,Passenger,15781,6397,22178,1376874,1399052,1.59
August 31 2017,Whitman,WA,Truck,0,0,0,8453,8453,0
February 29 2020,Pierce,WA,Passenger,2253,1683,3936,550945,554881,0.71
April 30 2021,Whatcom,WA,Truck,4,0,4,43855,43859,0.01
October 31 2017,Ferry,WA,Truck,0,0,0,3551,3551,0
August 31 2023,Grays Harbor,WA,Passenger,334,200,534,48158,48692,1.1
January 31 2018,Garfield,WA,Truck,0,0,0,944,944,0
December 31 2017,Lewis,WA,Passenger,54,42,96,56571,56667,0.17
February 29 2020,Franklin,WA,Truck,0,0,0,19893,19893,0
January 31 2017,Benton,WA,Truck,0,0,0,39814,39814,0
November 30 2018,Pierce,WA,Truck,0,0,0,139034,139034,0
July 31 2021,Adams,WA,Truck,0,0,0,5391,5391,0
November 30 2017,Island,WA,Truck,0,0,0,20689,20689,0
June 30 2023,Clallam,WA,Truck,20,0,20,21760,21780,0.09
February 29 2020,Skamania,WA,Truck,0,0,0,4100,4100,0
December 31 2022,Island,WA,Passenger,929,397,1326,61349,62675,2.12
July 31 2021,Wahkiakum,WA,Passenger,15,8,23,3090,3113,0.74
November 30 2018,Pend Oreille,WA,Passenger,5,5,10,9556,9566,0.1
October 31 2017,San Juan,WA,Truck,0,0,0,5566,5566,0
August 31 2019,Thurston,WA,Passenger,927,660,1587,198265,199852,0.79
July 31 2017,Douglas,WA,Passenger,35,26,61,26756,26817,0.23
February 29 2024,Douglas,WA,Passenger,264,87,351,27969,28320,1.24
December 31 2019,Okanogan,WA,Truck,0,0,0,16544,16544,0
March 31 2021,Clark,WA,Truck,0,0,0,83819,83819,0
October 31 2020,Mason,WA,Passenger,165,132,297,47483,47780,0.62
August 31 2020,Adams,WA,Truck,0,0,0,5301,5301,0
June 30 2020,Pierce,WA,Truck,0,0,0,142124,142124,0
September 30 2017,Whitman,WA,Passenger,12,22,34,22191,22225,0.15
January 31 2018,Douglas,WA,Truck,0,0,0,11789,11789,0
November 30 2017,Pend Oreille,WA,Truck,0,0,0,5594,5594,0
October 31 2023,Snohomish,WA,Passenger,15078,3394,18472,524912,543384,3.4
May 31 2018,Cowlitz,WA,Truck,0,0,0,28356,28356,0
April 30 2020,San Juan,WA,Truck,0,0,0,5895,5895,0
November 30 2019,Cowlitz,WA,Passenger,114,106,220,73581,73801,0.3
March 31 2023,Snohomish,WA,Passenger,11303,2893,14196,529177,543373,2.61
January 31 2021,Walla Walla,WA,Passenger,103,68,171,36154,36325,0.47
April 30 2022,Benton,WA,Passenger,713,446,1159,135405,136564,0.85
January 31 2022,Kittitas,WA,Passenger,216,72,288,29806,30094,0.96
May 31 2023,Cowlitz,WA,Passenger,456,207,663,70027,70690,0.94
August 31 2021,Kittitas,WA,Passenger,173,72,245,29868,30113,0.81
January 31 2020,Adams,WA,Truck,0,0,0,5209,5209,0
February 28 2019,Kittitas,WA,Passenger,73,37,110,29444,29554,0.37
September 30 2018,Stevens,WA,Truck,0,0,0,18674,18674,0
May 31 2018,Benton,WA,Passenger,188,195,383,131295,131678,0.29
June 30 2018,Benton,WA,Passenger,192,199,391,131470,131861,0.3
March 31 2023,Yakima,WA,Passenger,456,238,694,166008,166702,0.42
June 30 2018,Skamania,WA,Truck,0,0,0,3947,3947,0
March 31 2022,Yakima,WA,Truck,0,0,0,61574,61574,0
May 31 2021,King,WA,Passenger,30036,8920,38956,1367948,1406904,2.77
April 30 2019,Ferry,WA,Truck,0,0,0,3592,3592,0
March 31 2017,Skamania,WA,Passenger,8,8,16,8527,8543,0.19
July 31 2021,Yakima,WA,Passenger,237,161,398,169258,169656,0.23
January 31 2019,Benton,WA,Passenger,231,243,474,133207,133681,0.35
March 31 2018,Jefferson,WA,Passenger,132,88,220,24287,24507,0.9
June 30 2021,Grant,WA,Truck,0,0,0,27903,27903,0
December 31 2019,Pend Oreille,WA,Truck,0,0,0,5768,5768,0
July 31 2022,Whitman,WA,Truck,2,0,2,8568,8570,0.02
June 30 2020,Pierce,WA,Passenger,2380,1691,4071,549401,553472,0.74
September 30 2020,Wahkiakum,WA,Passenger,6,6,12,3016,3028,0.4
July 31 2021,Lincoln,WA,Truck,0,0,0,4758,4758,0
August 31 2017,Garfield,WA,Truck,0,0,0,931,931,0
November 30 2023,Snohomish,WA,Truck,253,0,253,119471,119724,0.21
May 31 2023,Asotin,WA,Passenger,35,20,55,12398,12453,0.44
November 30 2021,Island,WA,Passenger,700,342,1042,62838,63880,1.63
June 30 2018,Pacific,WA,Passenger,17,20,37,15565,15602,0.24
January 31 2017,Pend Oreille,WA,Passenger,1,4,5,9344,9349,0.05
January 31 2020,Island,WA,Truck,1,0,1,21344,21345,0
April 30 2020,King,WA,Passenger,24081,7694,31775,1385540,1417315,2.24
February 28 2023,Skagit,WA,Passenger,983,377,1360,89209,90569,1.5
September 30 2019,Cowlitz,WA,Passenger,106,106,212,73300,73512,0.29
May 31 2017,Whitman,WA,Truck,0,0,0,8396,8396,0
August 31 2019,San Juan,WA,Truck,0,0,0,5888,5888,0
March 31 2017,Kittitas,WA,Passenger,17,16,33,27115,27148,0.12
July 31 2023,Skagit,WA,Passenger,1148,421,1569,88739,90308,1.74
December 31 2019,Clallam,WA,Passenger,196,157,353,50869,51222,0.69
November 30 2019,Asotin,WA,Passenger,13,8,21,12653,12674,0.17
June 30 2020,Skagit,WA,Passenger,407,221,628,91135,91763,0.68
July 31 2022,Wahkiakum,WA,Passenger,24,12,36,3069,3105,1.16
January 31 2024,Thurston,WA,Passenger,3886,1408,5294,186158,191452,2.77
October 31 2022,Ferry,WA,Passenger,24,4,28,4379,4407,0.64
August 31 2023,Thurston,WA,Passenger,3363,1283,4646,189814,194460,2.39
April 30 2020,Wahkiakum,WA,Passenger,6,5,11,2973,2984,0.37
September 30 2017,Adams,WA,Truck,0,0,0,5122,5122,0
August 31 2019,Whatcom,WA,Passenger,902,450,1352,151167,152519,0.89
March 31 2023,Columbia,WA,Passenger,8,1,9,2411,2420,0.37
June 30 2019,Walla Walla,WA,Passenger,49,61,110,36182,36292,0.3
May 31 2020,Stevens,WA,Passenger,34,33,67,30721,30788,0.22
March 31 2022,Wahkiakum,WA,Passenger,18,11,29,3075,3104,0.93
August 31 2023,Franklin,WA,Truck,6,0,6,20899,20905,0.03
December 31 2020,Stevens,WA,Passenger,36,40,76,30216,30292,0.25
January 31 2020,Columbia,WA,Passenger,3,3,6,2448,2454,0.24
January 31 2023,Stevens,WA,Passenger,95,57,152,29927,30079,0.51
September 30 2021,Ferry,WA,Passenger,10,3,13,4401,4414,0.29
April 30 2023,Pierce,WA,Passenger,7135,2673,9808,532647,542455,1.81
October 31 2018,Wahkiakum,WA,Passenger,1,1,2,2982,2984,0.07
July 31 2019,Grays Harbor,WA,Truck,0,0,0,20534,20534,0
March 31 2018,Kittitas,WA,Passenger,41,30,71,28744,28815,0.25
April 30 2018,Skamania,WA,Passenger,12,8,20,8703,8723,0.23
December 31 2020,Chelan,WA,Passenger,278,88,366,54497,54863,0.67
August 31 2022,Columbia,WA,Truck,0,0,0,1573,1573,0
February 28 2022,Garfield,WA,Passenger,0,3,3,1351,1354,0.22
January 31 2019,Clallam,WA,Truck,0,0,0,21631,21631,0
August 31 2018,Walla Walla,WA,Truck,0,0,0,13499,13499,0
August 31 2020,Mason,WA,Truck,0,0,0,20770,20770,0
October 31 2021,Ferry,WA,Truck,0,0,0,3593,3593,0
June 30 2018,Whatcom,WA,Passenger,631,301,932,147633,148565,0.63
February 28 2017,Benton,WA,Passenger,134,133,267,127641,127908,0.21
October 31 2022,Thurston,WA,Truck,30,0,30,54813,54843,0.05
October 31 2018,Adams,WA,Truck,0,0,0,5149,5149,0
October 31 2023,Chelan,WA,Passenger,699,196,895,53958,54853,1.63
March 31 2023,Okanogan,WA,Passenger,115,58,173,26095,26268,0.66
February 28 2019,Pierce,WA,Truck,0,0,0,138907,138907,0
January 31 2022,Snohomish,WA,Truck,3,0,3,125255,125258,0
April 30 2022,Walla Walla,WA,Passenger,163,91,254,36023,36277,0.7
December 31 2017,Stevens,WA,Passenger,10,21,31,31526,31557,0.1
October 31 2023,King,WA,Truck,898,2,900,172724,173624,0.52
January 31 2022,Skagit,WA,Truck,1,0,1,32636,32637,0
July 31 2018,Walla Walla,WA,Truck,0,0,0,13469,13469,0
January 31 2024,Benton,WA,Passenger,1417,652,2069,133213,135282,1.53
August 31 2018,Lincoln,WA,Passenger,3,6,9,7748,7757,0.12
October 31 2023,Clark,WA,Passenger,6766,2530,9296,312214,321510,2.89
October 31 2017,Grant,WA,Passenger,20,33,53,61663,61716,0.09
January 31 2024,Grays Harbor,WA,Passenger,385,220,605,47313,47918,1.26
March 31 2019,Grant,WA,Passenger,34,55,89,64203,64292,0.14
December 31 2019,Kittitas,WA,Truck,0,0,0,14625,14625,0
July 31 2023,Douglas,WA,Truck,6,0,6,13033,13039,0.05
March 31 2019,Pierce,WA,Truck,0,0,0,138980,138980,0
October 31 2020,Grays Harbor,WA,Truck,0,0,0,21118,21118,0
November 30 2018,Cowlitz,WA,Truck,0,0,0,28720,28720,0
February 28 2021,Lincoln,WA,Truck,0,0,0,4689,4689,0
February 28 2017,Walla Walla,WA,Passenger,17,21,38,34782,34820,0.11
August 31 2021,Grant,WA,Truck,0,0,0,27988,27988,0
March 31 2021,Klickitat,WA,Truck,0,0,0,8170,8170,0
July 31 2023,Columbia,WA,Truck,0,0,0,1549,1549,0
November 30 2023,Kittitas,WA,Passenger,444,115,559,29119,29678,1.88
May 31 2023,Lewis,WA,Passenger,309,207,516,59136,59652,0.87
February 28 2022,Klickitat,WA,Passenger,92,53,145,15294,15439,0.94
December 31 2021,Skamania,WA,Passenger,60,42,102,8309,8411,1.21
June 30 2018,Mason,WA,Passenger,82,90,172,45707,45879,0.37
October 31 2019,Kitsap,WA,Passenger,1177,645,1822,182105,183927,0.99
August 31 2018,Kitsap,WA,Truck,1,0,1,53433,53434,0
August 31 2018,Kittitas,WA,Truck,0,0,0,14117,14117,0
January 31 2017,Lincoln,WA,Truck,0,0,0,4462,4462,0
June 30 2021,Asotin,WA,Truck,0,0,0,6789,6789,0
July 31 2019,Whatcom,WA,Truck,2,0,2,42927,42929,0
April 30 2018,Grays Harbor,WA,Passenger,47,52,99,46283,46382,0.21
August 31 2018,Pacific,WA,Passenger,19,22,41,15669,15710,0.26
December 31 2023,Asotin,WA,Truck,0,0,0,6536,6536,0
October 31 2020,Ferry,WA,Truck,0,0,0,3597,3597,0
July 31 2017,King,WA,Passenger,10251,4172,14423,1373065,1387488,1.04
December 31 2023,Lewis,WA,Passenger,397,308,705,58857,59562,1.18
May 31 2023,Skamania,WA,Truck,1,0,1,3845,3846,0.03
October 31 2022,King,WA,Passenger,45332,11906,57238,1340657,1397895,4.09
October 31 2020,Asotin,WA,Truck,0,0,0,6687,6687,0
April 30 2020,Clark,WA,Truck,0,0,0,81820,81820,0
December 31 2018,Pend Oreille,WA,Passenger,5,5,10,9531,9541,0.1
December 31 2018,Franklin,WA,Passenger,45,66,111,59115,59226,0.19
May 31 2022,Skamania,WA,Passenger,70,45,115,8193,8308,1.38
May 31 2022,Grays Harbor,WA,Truck,0,0,0,21297,21297,0
May 31 2022,Spokane,WA,Passenger,1538,832,2370,324980,327350,0.72
August 31 2022,Benton,WA,Passenger,813,472,1285,135257,136542,0.94
May 31 2022,King,WA,Truck,43,1,44,181114,181158,0.02
June 30 2022,Pierce,WA,Truck,6,0,6,141743,141749,0
June 30 2022,Spokane,WA,Truck,1,0,1,102157,102158,0
July 31 2017,Lincoln,WA,Truck,0,0,0,4445,4445,0
September 30 2023,Ferry,WA,Passenger,23,4,27,4309,4336,0.62
January 31 2017,Island,WA,Truck,1,0,1,20515,20516,0
March 31 2017,Stevens,WA,Truck,0,0,0,18307,18307,0
April 30 2020,Snohomish,WA,Passenger,4399,1750,6149,535086,541235,1.14
May 31 2017,Chelan,WA,Passenger,60,36,96,51877,51973,0.18
August 31 2020,Pend Oreille,WA,Truck,0,0,0,5744,5744,0
March 31 2019,King,WA,Truck,6,1,7,181734,181741,0
December 31 2019,Clark,WA,Truck,0,0,0,81306,81306,0
November 30 2021,Grant,WA,Passenger,131,97,228,66909,67137,0.34
January 31 2020,Mason,WA,Passenger,150,133,283,47612,47895,0.59
December 31 2017,Spokane,WA,Passenger,297,240,537,300065,300602,0.18
October 31 2019,Mason,WA,Passenger,140,127,267,47551,47818,0.56
August 31 2019,Island,WA,Truck,0,0,0,21264,21264,0
June 30 2020,Snohomish,WA,Passenger,4433,1764,6197,534438,540635,1.15
August 31 2019,Benton,WA,Truck,0,0,0,42178,42178,0
May 31 2018,Kitsap,WA,Passenger,780,453,1233,177872,179105,0.69
March 31 2019,Thurston,WA,Passenger,802,597,1399,196094,197493,0.71
April 30 2018,Grays Harbor,WA,Truck,0,0,0,20126,20126,0
June 30 2023,Pend Oreille,WA,Truck,0,0,0,5617,5617,0
January 31 2022,Garfield,WA,Truck,0,0,0,994,994,0
January 31 2021,Island,WA,Passenger,527,294,821,62888,63709,1.29
January 31 2018,Stevens,WA,Truck,0,0,0,18387,18387,0
February 28 2023,Adams,WA,Passenger,21,11,32,13010,13042,0.25
January 31 2023,Lincoln,WA,Passenger,14,19,33,7763,7796,0.42
February 28 2018,Kitsap,WA,Truck,1,0,1,52832,52833,0
October 31 2022,Douglas,WA,Truck,2,0,2,12808,12810,0.02
March 31 2021,Yakima,WA,Passenger,189,135,324,168188,168512,0.19
August 31 2018,Pacific,WA,Truck,0,0,0,7623,7623,0
May 31 2020,Adams,WA,Passenger,8,7,15,12714,12729,0.12
November 30 2019,Thurston,WA,Passenger,1035,699,1734,199010,200744,0.86
July 31 2019,Franklin,WA,Passenger,53,71,124,60135,60259,0.21
October 31 2017,Whitman,WA,Truck,0,0,0,8442,8442,0
January 31 2021,Douglas,WA,Truck,0,0,0,12500,12500,0
July 31 2022,Kittitas,WA,Truck,1,0,1,14615,14616,0.01
June 30 2022,Adams,WA,Truck,1,0,1,5466,5467,0.02
December 31 2019,Cowlitz,WA,Passenger,118,107,225,73634,73859,0.3
July 31 2023,Island,WA,Truck,33,0,33,21034,21067,0.16
November 30 2021,Cowlitz,WA,Passenger,265,159,424,71746,72170,0.59
May 31 2020,Mason,WA,Passenger,157,135,292,47163,47455,0.62
December 31 2021,Columbia,WA,Passenger,6,2,8,2449,2457,0.33
March 31 2017,Pend Oreille,WA,Truck,0,0,0,5582,5582,0
April 30 2019,Okanogan,WA,Truck,0,0,0,16477,16477,0
July 31 2017,Asotin,WA,Truck,0,0,0,6531,6531,0
February 28 2018,Lincoln,WA,Truck,0,0,0,4511,4511,0
October 31 2018,Franklin,WA,Passenger,35,66,101,58743,58844,0.17
July 31 2023,Pierce,WA,Passenger,7886,2838,10724,529237,539961,1.99
July 31 2022,Skamania,WA,Passenger,76,47,123,8145,8268,1.49
April 30 2019,Benton,WA,Passenger,247,263,510,133284,133794,0.38
August 31 2021,Chelan,WA,Passenger,364,102,466,54709,55175,0.84
October 31 2021,Whatcom,WA,Truck,4,0,4,43751,43755,0.01
August 31 2018,Benton,WA,Truck,0,0,0,41230,41230,0
March 31 2017,Yakima,WA,Passenger,36,50,86,159219,159305,0.05
July 31 2021,Mason,WA,Passenger,216,137,353,48073,48426,0.73
June 30 2022,Ferry,WA,Passenger,19,4,23,4409,4432,0.52
January 31 2021,Grays Harbor,WA,Passenger,133,126,259,48763,49022,0.53
December 31 2021,Wahkiakum,WA,Passenger,17,10,27,3081,3108,0.87
February 28 2021,Spokane,WA,Passenger,922,560,1482,321259,322741,0.46
August 31 2022,Ferry,WA,Truck,0,0,0,3585,3585,0
January 31 2019,Mason,WA,Truck,0,0,0,20216,20216,0
March 31 2022,Asotin,WA,Truck,0,0,0,6753,6753,0
January 31 2017,Benton,WA,Passenger,129,129,258,127851,128109,0.2
August 31 2023,Franklin,WA,Passenger,357,150,507,62057,62564,0.81
December 31 2021,Thurston,WA,Passenger,1865,963,2828,196513,199341,1.42
February 28 2022,King,WA,Truck,22,1,23,182403,182426,0.01
April 30 2018,Jefferson,WA,Passenger,134,88,222,24351,24573,0.9
August 31 2019,Pierce,WA,Passenger,1930,1583,3513,544603,548116,0.64
April 30 2023,Clark,WA,Passenger,5464,2217,7681,313717,321398,2.39
September 30 2018,Grays Harbor,WA,Passenger,55,65,120,47159,47279,0.25
December 31 2020,Asotin,WA,Passenger,16,13,29,12406,12435,0.23
November 30 2022,Island,WA,Truck,15,0,15,21219,21234,0.07
December 31 2023,Okanogan,WA,Truck,8,0,8,16086,16094,0.05
February 28 2021,Pend Oreille,WA,Truck,0,0,0,5720,5720,0
September 30 2019,Douglas,WA,Passenger,62,37,99,28201,28300,0.35
June 30 2022,Grant,WA,Truck,0,0,0,28008,28008,0
May 31 2021,Yakima,WA,Passenger,212,145,357,169252,169609,0.21
October 31 2023,Mason,WA,Passenger,512,221,733,45970,46703,1.57
March 31 2018,Grant,WA,Passenger,32,42,74,62602,62676,0.12
February 28 2021,Benton,WA,Passenger,458,362,820,135035,135855,0.6
May 31 2019,Kittitas,WA,Truck,0,0,0,14381,14381,0
October 31 2018,King,WA,Truck,7,1,8,182808,182816,0
November 30 2022,Mason,WA,Truck,7,0,7,20863,20870,0.03
October 31 2020,Grays Harbor,WA,Passenger,118,117,235,48506,48741,0.48
January 31 2022,Mason,WA,Passenger,271,159,430,47746,48176,0.89
January 31 2022,Clark,WA,Passenger,3541,1570,5111,319264,324375,1.58
January 31 2018,Walla Walla,WA,Passenger,30,33,63,35372,35435,0.18
March 31 2022,Chelan,WA,Passenger,437,122,559,54571,55130,1.01
March 31 2022,Yakima,WA,Passenger,312,181,493,167631,168124,0.29
November 30 2022,Klickitat,WA,Truck,3,0,3,8245,8248,0.04
June 30 2019,Chelan,WA,Truck,0,0,0,22279,22279,0
December 31 2022,Grays Harbor,WA,Truck,2,0,2,21070,21072,0.01
July 31 2020,Whatcom,WA,Passenger,1091,499,1590,149280,150870,1.05
February 28 2023,Chelan,WA,Passenger,563,151,714,54254,54968,1.3
July 31 2022,Klickitat,WA,Truck,0,0,0,8278,8278,0
April 30 2022,Franklin,WA,Truck,0,0,0,20927,20927,0
August 31 2020,Kitsap,WA,Truck,0,0,0,54156,54156,0
October 31 2017,Stevens,WA,Passenger,9,22,31,31523,31554,0.1
July 31 2021,Grays Harbor,WA,Truck,0,0,0,21414,21414,0
April 30 2017,Whitman,WA,Truck,0,0,0,8380,8380,0
May 31 2020,Grays Harbor,WA,Truck,0,0,0,20766,20766,0
November 30 2017,Ferry,WA,Truck,0,0,0,3546,3546,0
June 30 2019,Thurston,WA,Passenger,875,638,1513,197604,199117,0.76
February 28 2023,Pierce,WA,Passenger,6589,2580,9169,535459,544628,1.68
October 31 2018,Grant,WA,Passenger,32,50,82,63914,63996,0.13
December 31 2023,San Juan,WA,Passenger,677,195,872,13503,14375,6.07
January 31 2020,Kitsap,WA,Truck,1,0,1,54470,54471,0
October 31 2021,King,WA,Truck,4,1,5,183421,183426,0
September 30 2023,Douglas,WA,Truck,8,0,8,13036,13044,0.06
May 31 2021,Pacific,WA,Truck,0,0,0,7936,7936,0
September 30 2023,Island,WA,Passenger,1187,463,1650,60937,62587,2.64
December 31 2019,Pend Oreille,WA,Passenger,7,7,14,9513,9527,0.15
January 31 2018,Whatcom,WA,Truck,1,0,1,42072,42073,0
October 31 2019,Franklin,WA,Truck,0,0,0,19651,19651,0
July 31 2023,Clallam,WA,Truck,19,0,19,21720,21739,0.09
January 31 2022,Cowlitz,WA,Passenger,273,164,437,71283,71720,0.61
March 31 2022,Kittitas,WA,Passenger,225,75,300,29786,30086,1
March 31 2018,Whatcom,WA,Truck,2,0,2,42073,42075,0
April 30 2017,Ferry,WA,Truck,0,0,0,3550,3550,0
January 31 2017,Douglas,WA,Passenger,29,19,48,26578,26626,0.18
November 30 2023,Jefferson,WA,Truck,15,0,15,9218,9233,0.16
August 31 2021,Clallam,WA,Passenger,350,220,570,50502,51072,1.12
December 31 2020,Skamania,WA,Passenger,33,22,55,8347,8402,0.65
January 31 2018,Benton,WA,Truck,0,0,0,40711,40711,0
January 31 2022,Lincoln,WA,Truck,0,0,0,4833,4833,0
July 31 2017,Lewis,WA,Passenger,52,38,90,55560,55650,0.16
December 31 2020,King,WA,Passenger,26910,8169,35079,1369517,1404596,2.5
December 31 2017,Pierce,WA,Truck,0,0,0,137007,137007,0
May 31 2018,King,WA,Truck,7,1,8,183121,183129,0
August 31 2023,Thurston,WA,Truck,70,0,70,53832,53902,0.13
December 31 2021,Stevens,WA,Passenger,55,44,99,30266,30365,0.33
May 31 2022,Garfield,WA,Passenger,0,3,3,1324,1327,0.23
June 30 2021,Pend Oreille,WA,Passenger,14,7,21,9265,9286,0.23
October 31 2021,Clark,WA,Passenger,3253,1512,4765,320896,325661,1.46
February 28 2018,King,WA,Passenger,11754,5018,16772,1367954,1384726,1.21
June 30 2018,Columbia,WA,Truck,0,0,0,1527,1527,0
December 31 2019,Snohomish,WA,Truck,0,0,0,123266,123266,0
March 31 2017,Kittitas,WA,Truck,0,0,0,13424,13424,0
February 28 2018,Whatcom,WA,Passenger,556,249,805,145557,146362,0.55
June 30 2019,Stevens,WA,Truck,0,0,0,18655,18655,0
May 31 2017,Cowlitz,WA,Truck,0,0,0,27870,27870,0
January 31 2022,Clallam,WA,Truck,1,0,1,22127,22128,0
August 31 2017,Kittitas,WA,Truck,0,0,0,13611,13611,0
June 30 2019,Grays Harbor,WA,Passenger,73,85,158,47917,48075,0.33
January 31 2019,Stevens,WA,Passenger,18,28,46,31802,31848,0.14
August 31 2019,Grant,WA,Truck,0,0,0,26735,26735,0
July 31 2022,Franklin,WA,Passenger,203,110,313,61802,62115,0.5
July 31 2023,Kittitas,WA,Passenger,368,107,475,29337,29812,1.59
February 28 2019,Garfield,WA,Passenger,1,1,2,1323,1325,0.15
April 30 2019,Douglas,WA,Truck,0,0,0,12174,12174,0
September 30 2021,Pierce,WA,Passenger,3876,2065,5941,558562,564503,1.05
August 31 2023,Spokane,WA,Passenger,2460,1191,3651,322333,325984,1.12
November 30 2021,Pierce,WA,Truck,0,0,0,145021,145021,0
January 31 2023,Clallam,WA,Truck,9,0,9,21851,21860,0.04
November 30 2020,Pierce,WA,Truck,0,0,0,144485,144485,0
July 31 2017,Kitsap,WA,Truck,1,0,1,52510,52511,0
November 30 2021,Lewis,WA,Passenger,198,165,363,59607,59970,0.61
January 31 2023,Franklin,WA,Passenger,262,124,386,61802,62188,0.62
January 31 2018,Grant,WA,Passenger,29,37,66,62283,62349,0.11
March 31 2022,Pend Oreille,WA,Passenger,16,10,26,9043,9069,0.29
April 30 2023,Clallam,WA,Truck,18,0,18,21749,21767,0.08
November 30 2019,King,WA,Passenger,21595,7455,29050,1395111,1424161,2.04
August 31 2017,Pierce,WA,Passenger,999,866,1865,524828,526693,0.35
March 31 2021,Jefferson,WA,Passenger,302,174,476,24818,25294,1.88
May 31 2017,Whitman,WA,Passenger,10,20,30,21984,22014,0.14
December 31 2020,Skagit,WA,Truck,1,0,1,32773,32774,0
July 31 2018,Yakima,WA,Truck,0,0,0,58538,58538,0
September 30 2023,Cowlitz,WA,Truck,10,0,10,27998,28008,0.04
May 31 2019,Jefferson,WA,Passenger,191,119,310,24997,25307,1.22
October 31 2018,Benton,WA,Truck,0,0,0,41427,41427,0
April 30 2021,Douglas,WA,Truck,0,0,0,12621,12621,0
July 31 2020,Whitman,WA,Truck,0,0,0,8510,8510,0
October 31 2022,Clark,WA,Passenger,4602,1922,6524,314814,321338,2.03
May 31 2017,Yakima,WA,Passenger,42,55,97,159365,159462,0.06
June 30 2020,King,WA,Truck,5,1,6,182138,182144,0
June 30 2021,Kittitas,WA,Truck,0,0,0,14786,14786,0
May 31 2021,Benton,WA,Truck,0,0,0,43664,43664,0
November 30 2018,Mason,WA,Passenger,103,108,211,46414,46625,0.45
January 31 2023,Whatcom,WA,Passenger,2161,820,2981,148639,151620,1.97
April 30 2017,Asotin,WA,Truck,0,0,0,6504,6504,0
February 28 2023,Whatcom,WA,Passenger,2223,824,3047,148616,151663,2.01
May 31 2023,King,WA,Truck,685,2,687,175865,176552,0.39
September 30 2023,Island,WA,Truck,34,0,34,20917,20951,0.16
May 31 2020,Columbia,WA,Passenger,4,3,7,2406,2413,0.29
February 28 2017,Pierce,WA,Passenger,862,778,1640,526674,528314,0.31
August 31 2022,Skagit,WA,Truck,5,0,5,32206,32211,0.02
November 30 2019,Ferry,WA,Passenger,5,2,7,4415,4422,0.16
September 30 2017,Cowlitz,WA,Passenger,52,64,116,70268,70384,0.16
February 28 2018,Benton,WA,Passenger,175,179,354,130445,130799,0.27
May 31 2020,Skagit,WA,Truck,1,0,1,32383,32384,0
June 30 2017,King,WA,Passenger,10024,4102,14126,1375137,1389263,1.02
December 31 2017,Island,WA,Truck,0,0,0,20746,20746,0
June 30 2023,Walla Walla,WA,Truck,5,0,5,13710,13715,0.04
June 30 2018,Snohomish,WA,Truck,1,0,1,121651,121652,0
April 30 2019,Yakima,WA,Truck,0,0,0,58944,58944,0
December 31 2022,Adams,WA,Passenger,23,11,34,13000,13034,0.26
December 31 2021,Wahkiakum,WA,Truck,0,0,0,1823,1823,0
June 30 2021,Ferry,WA,Passenger,9,3,12,4373,4385,0.27
November 30 2019,Skagit,WA,Passenger,347,210,557,92564,93121,0.6
October 31 2019,Skamania,WA,Passenger,25,19,44,8796,8840,0.5
September 30 2018,Douglas,WA,Truck,0,0,0,12010,12010,0
October 31 2023,Franklin,WA,Passenger,372,154,526,61976,62502,0.84
July 31 2019,San Juan,WA,Passenger,220,72,292,14440,14732,1.98
June 30 2022,Walla Walla,WA,Truck,0,0,0,13932,13932,0
September 30 2020,Grays Harbor,WA,Truck,0,0,0,21088,21088,0
August 31 2021,Cowlitz,WA,Passenger,237,152,389,72094,72483,0.54
December 31 2022,Walla Walla,WA,Passenger,201,105,306,35675,35981,0.85
January 31 2020,Pend Oreille,WA,Passenger,8,7,15,9470,9485,0.16
July 31 2023,Thurston,WA,Truck,64,0,64,53897,53961,0.12
September 30 2017,Grays Harbor,WA,Passenger,38,38,76,45126,45202,0.17
May 31 2020,Benton,WA,Passenger,353,321,674,134135,134809,0.5
January 31 2020,San Juan,WA,Passenger,265,83,348,14397,14745,2.36
February 29 2024,Klickitat,WA,Truck,17,0,17,7950,7967,0.21
February 29 2024,Whatcom,WA,Truck,97,0,97,40898,40995,0.24
July 31 2022,Grays Harbor,WA,Truck,2,0,2,21226,21228,0.01
December 31 2019,Pierce,WA,Truck,0,0,0,140824,140824,0
July 31 2023,Benton,WA,Truck,26,0,26,43151,43177,0.06
May 31 2022,Cowlitz,WA,Truck,1,1,2,28586,28588,0.01
February 28 2021,Skagit,WA,Passenger,535,247,782,91315,92097,0.85
April 30 2022,Clallam,WA,Passenger,404,241,645,49809,50454,1.28
April 30 2020,Kittitas,WA,Passenger,101,49,150,29855,30005,0.5
October 31 2020,Chelan,WA,Passenger,265,82,347,54365,54712,0.63
April 30 2017,Kittitas,WA,Truck,0,0,0,13479,13479,0
May 31 2021,Pierce,WA,Truck,0,0,0,145808,145808,0
May 31 2023,Ferry,WA,Passenger,20,4,24,4322,4346,0.55
November 30 2020,Clark,WA,Passenger,2284,1140,3424,318720,322144,1.06
December 31 2023,Pend Oreille,WA,Passenger,32,21,53,8659,8712,0.61
May 31 2021,Okanogan,WA,Truck,0,0,0,16745,16745,0
June 30 2023,Kittitas,WA,Truck,8,0,8,14607,14615,0.05
December 31 2023,Grays Harbor,WA,Truck,14,0,14,20611,20625,0.07
October 31 2023,Ferry,WA,Passenger,23,4,27,4269,4296,0.63
February 29 2020,Grays Harbor,WA,Passenger,109,108,217,48366,48583,0.45
December 31 2021,Whitman,WA,Truck,0,0,0,8562,8562,0
May 31 2022,Clallam,WA,Passenger,410,244,654,49762,50416,1.3
April 30 2022,Chelan,WA,Truck,0,0,0,23057,23057,0
July 31 2019,Klickitat,WA,Truck,0,0,0,8251,8251,0
December 31 2020,King,WA,Truck,6,1,7,184324,184331,0
February 29 2024,San Juan,WA,Truck,31,0,31,5689,5720,0.54
February 28 2021,Jefferson,WA,Passenger,295,168,463,24779,25242,1.83
January 31 2017,San Juan,WA,Passenger,84,31,115,13348,13463,0.85
May 31 2019,Pierce,WA,Passenger,1751,1519,3270,541889,545159,0.6
January 31 2024,Pacific,WA,Passenger,100,98,198,15326,15524,1.28
December 31 2018,Clark,WA,Passenger,1246,841,2087,311351,313438,0.67
September 30 2021,Adams,WA,Truck,0,0,0,5402,5402,0
September 30 2018,Grant,WA,Truck,0,0,0,26065,26065,0
December 31 2018,Lincoln,WA,Truck,0,0,0,4638,4638,0
April 30 2022,Pacific,WA,Truck,0,0,0,7973,7973,0
September 30 2018,Clark,WA,Passenger,1089,784,1873,309683,311556,0.6
June 30 2020,Chelan,WA,Passenger,231,78,309,54179,54488,0.57
September 30 2018,Ferry,WA,Passenger,2,2,4,4407,4411,0.09
April 30 2019,Skagit,WA,Truck,1,0,1,32321,32322,0
January 31 2022,Skamania,WA,Truck,0,0,0,3986,3986,0
May 31 2017,Skagit,WA,Passenger,134,102,236,87851,88087,0.27
September 30 2023,Columbia,WA,Passenger,12,0,12,2429,2441,0.49
March 31 2018,Pend Oreille,WA,Truck,0,0,0,5657,5657,0
August 31 2022,Adams,WA,Truck,1,0,1,5432,5433,0.02
March 31 2021,Whitman,WA,Passenger,54,44,98,21915,22013,0.45
October 31 2017,Klickitat,WA,Passenger,23,27,50,14806,14856,0.34
July 31 2022,Jefferson,WA,Truck,3,0,3,9452,9455,0.03
December 31 2023,Douglas,WA,Truck,11,0,11,12845,12856,0.09
November 30 2023,Thurston,WA,Passenger,3679,1365,5044,188377,193421,2.61
February 28 2023,Skamania,WA,Truck,1,0,1,3872,3873,0.03
March 31 2017,Grays Harbor,WA,Truck,0,0,0,19863,19863,0
April 30 2022,Skagit,WA,Passenger,751,328,1079,90245,91324,1.18
August 31 2023,Cowlitz,WA,Passenger,518,232,750,69845,70595,1.06
November 30 2023,Grays Harbor,WA,Truck,12,0,12,20702,20714,0.06
July 31 2021,Garfield,WA,Passenger,0,3,3,1373,1376,0.22
January 31 2020,Franklin,WA,Passenger,57,76,133,61078,61211,0.22
March 31 2020,Skamania,WA,Passenger,29,17,46,8711,8757,0.53
May 31 2018,Kitsap,WA,Truck,1,0,1,53089,53090,0
April 30 2017,Pend Oreille,WA,Truck,0,0,0,5585,5585,0
January 31 2021,Island,WA,Truck,0,0,0,21380,21380,0
April 30 2022,Klickitat,WA,Passenger,100,55,155,15230,15385,1.01
January 31 2017,Walla Walla,WA,Truck,0,0,0,13169,13169,0
December 31 2017,Benton,WA,Passenger,172,168,340,130220,130560,0.26
August 31 2017,Lewis,WA,Passenger,55,40,95,55796,55891,0.17
March 31 2019,Thurston,WA,Truck,0,0,0,54944,54944,0
March 31 2019,Klickitat,WA,Passenger,32,31,63,15423,15486,0.41
May 31 2021,Grays Harbor,WA,Passenger,161,139,300,49348,49648,0.6
March 31 2021,Adams,WA,Passenger,10,7,17,12991,13008,0.13
August 31 2021,Skagit,WA,Truck,1,0,1,32955,32956,0
May 31 2023,Garfield,WA,Passenger,1,3,4,1310,1314,0.3
January 31 2023,Grays Harbor,WA,Truck,2,0,2,21053,21055,0.01
August 31 2022,Franklin,WA,Truck,2,0,2,20889,20891,0.01
April 30 2020,Stevens,WA,Truck,0,0,0,18608,18608,0
October 31 2020,Douglas,WA,Truck,0,0,0,12411,12411,0
June 30 2017,Whatcom,WA,Passenger,462,175,637,143038,143675,0.44
July 31 2021,Whitman,WA,Passenger,61,49,110,21918,22028,0.5
February 28 2017,Okanogan,WA,Passenger,3,15,18,25670,25688,0.07
October 31 2017,Kittitas,WA,Truck,0,0,0,13695,13695,0
March 31 2018,Klickitat,WA,Passenger,26,27,53,14973,15026,0.35
April 30 2017,Mason,WA,Truck,0,0,0,19236,19236,0
May 31 2023,Pierce,WA,Passenger,7416,2715,10131,531466,541597,1.87
April 30 2018,Snohomish,WA,Passenger,2189,1193,3382,518752,522134,0.65
January 31 2017,Ferry,WA,Passenger,2,1,3,4387,4390,0.07
February 28 2022,Ferry,WA,Passenger,15,3,18,4442,4460,0.4
October 31 2019,Pacific,WA,Truck,0,0,0,7723,7723,0
August 31 2021,Spokane,WA,Passenger,1157,684,1841,325825,327666,0.56
August 31 2021,Franklin,WA,Truck,0,0,0,20714,20714,0
September 30 2020,Thurston,WA,Passenger,1211,752,1963,197077,199040,0.99
October 31 2021,Whitman,WA,Passenger,63,58,121,21904,22025,0.55
November 30 2023,Columbia,WA,Passenger,12,0,12,2400,2412,0.5
November 30 2019,Whitman,WA,Truck,0,0,0,8583,8583,0
June 30 2022,Cowlitz,WA,Passenger,336,172,508,70696,71204,0.71
August 31 2018,King,WA,Passenger,13799,5937,19736,1373426,1393162,1.42
November 30 2019,Spokane,WA,Truck,1,0,1,96199,96200,0
April 30 2018,Columbia,WA,Truck,0,0,0,1523,1523,0
July 31 2023,Klickitat,WA,Passenger,157,65,222,15133,15355,1.45
May 31 2018,Chelan,WA,Truck,0,0,0,21822,21822,0
January 31 2021,Pend Oreille,WA,Truck,0,0,0,5716,5716,0
April 30 2019,Clallam,WA,Truck,0,0,0,21679,21679,0
December 31 2020,Pend Oreille,WA,Truck,0,0,0,5714,5714,0
August 31 2020,Snohomish,WA,Passenger,4644,1781,6425,535971,542396,1.18
February 28 2019,Stevens,WA,Truck,0,0,0,18753,18753,0
January 31 2022,Douglas,WA,Truck,0,0,0,12676,12676,0
January 31 2021,Douglas,WA,Passenger,84,46,130,28197,28327,0.46
January 31 2017,Lewis,WA,Passenger,43,32,75,54963,55038,0.14
August 31 2017,Island,WA,Passenger,124,150,274,60570,60844,0.45
March 31 2017,Pend Oreille,WA,Passenger,1,4,5,9306,9311,0.05
April 30 2017,Mason,WA,Passenger,49,62,111,42994,43105,0.26
January 31 2024,Douglas,WA,Truck,10,0,10,12747,12757,0.08
September 30 2021,Adams,WA,Passenger,16,14,30,13037,13067,0.23
January 31 2019,Grays Harbor,WA,Truck,0,0,0,20317,20317,0
December 31 2019,Lewis,WA,Truck,0,0,0,26085,26085,0
December 31 2023,Ferry,WA,Truck,0,0,0,3464,3464,0
May 31 2017,Okanogan,WA,Truck,0,0,0,16214,16214,0
June 30 2022,Pacific,WA,Passenger,61,71,132,15877,16009,0.82
May 31 2018,Adams,WA,Passenger,5,5,10,12593,12603,0.08
April 30 2017,Benton,WA,Truck,0,0,0,39893,39893,0
January 31 2018,Kitsap,WA,Truck,1,0,1,52751,52752,0
March 31 2022,Pierce,WA,Passenger,4625,2230,6855,549547,556402,1.23
February 28 2019,Franklin,WA,Truck,0,0,0,19110,19110,0
May 31 2023,Clallam,WA,Truck,20,0,20,21760,21780,0.09
February 28 2021,Snohomish,WA,Passenger,5268,1892,7160,538102,545262,1.31
April 30 2022,Kitsap,WA,Truck,1,0,1,53776,53777,0
September 30 2017,Okanogan,WA,Truck,0,0,0,16234,16234,0
March 31 2019,Walla Walla,WA,Truck,0,0,0,13552,13552,0
April 30 2023,Cowlitz,WA,Passenger,435,204,639,70041,70680,0.9
May 31 2022,Kitsap,WA,Truck,3,0,3,53619,53622,0.01
September 30 2019,Kitsap,WA,Passenger,1134,641,1775,181571,183346,0.97
August 31 2021,Yakima,WA,Truck,0,0,0,61761,61761,0
October 31 2022,Spokane,WA,Passenger,1832,910,2742,324184,326926,0.84
October 31 2017,Skagit,WA,Truck,1,0,1,31625,31626,0
May 31 2020,Grant,WA,Truck,0,0,0,26976,26976,0
January 31 2017,Cowlitz,WA,Truck,0,0,0,27947,27947,0
October 31 2018,Grays Harbor,WA,Truck,0,0,0,20283,20283,0
April 30 2019,Whatcom,WA,Truck,2,0,2,42769,42771,0
May 31 2023,Island,WA,Truck,29,0,29,21005,21034,0.14
October 31 2020,Chelan,WA,Truck,0,0,0,22758,22758,0
August 31 2020,Lewis,WA,Truck,0,0,0,26365,26365,0
April 30 2021,Skagit,WA,Passenger,562,268,830,91936,92766,0.89
January 31 2023,Ferry,WA,Truck,0,0,0,3557,3557,0
August 31 2020,Benton,WA,Passenger,379,322,701,134286,134987,0.52
June 30 2023,Snohomish,WA,Passenger,12652,3066,15718,528122,543840,2.89
July 31 2020,Wahkiakum,WA,Truck,0,0,0,1742,1742,0
April 30 2018,Grant,WA,Truck,0,0,0,25856,25856,0
April 30 2023,Spokane,WA,Passenger,2158,1033,3191,322182,325373,0.98
October 31 2021,Okanogan,WA,Truck,0,0,0,16669,16669,0
November 30 2023,Okanogan,WA,Truck,8,0,8,16171,16179,0.05
July 31 2023,Garfield,WA,Truck,0,0,0,978,978,0
July 31 2019,Whatcom,WA,Passenger,883,436,1319,151076,152395,0.87
August 31 2022,Whatcom,WA,Passenger,1915,766,2681,148747,151428,1.77
July 31 2021,Cowlitz,WA,Passenger,229,146,375,72223,72598,0.52
May 31 2022,Clallam,WA,Truck,1,0,1,21939,21940,0
July 31 2023,Lincoln,WA,Truck,0,0,0,4850,4850,0
June 30 2020,Whatcom,WA,Truck,3,0,3,43002,43005,0.01
May 31 2022,Mason,WA,Passenger,303,177,480,47301,47781,1
November 30 2019,Columbia,WA,Truck,0,0,0,1535,1535,0
April 30 2020,Kittitas,WA,Truck,0,0,0,14593,14593,0
February 28 2023,Asotin,WA,Truck,0,0,0,6655,6655,0
March 31 2022,Lewis,WA,Truck,0,0,0,26513,26513,0
July 31 2022,Snohomish,WA,Passenger,8655,2562,11217,531129,542346,2.07
December 31 2018,Whitman,WA,Passenger,24,38,62,22805,22867,0.27
May 31 2020,Pacific,WA,Passenger,31,33,64,15698,15762,0.41
August 31 2022,Clallam,WA,Passenger,435,247,682,49524,50206,1.36
September 30 2021,Klickitat,WA,Passenger,83,51,134,15381,15515,0.86
January 31 2021,Kittitas,WA,Passenger,134,52,186,29827,30013,0.62
December 31 2020,Chelan,WA,Truck,0,0,0,22792,22792,0
July 31 2020,Benton,WA,Passenger,372,321,693,134272,134965,0.51
May 31 2022,Stevens,WA,Truck,0,0,0,18941,18941,0
May 31 2020,Walla Walla,WA,Truck,0,0,0,13669,13669,0
March 31 2022,Lincoln,WA,Truck,0,0,0,4833,4833,0
July 31 2021,Kitsap,WA,Truck,0,0,0,54381,54381,0
March 31 2020,San Juan,WA,Passenger,291,86,377,14274,14651,2.57
March 31 2020,Island,WA,Truck,1,0,1,21252,21253,0
March 31 2020,Okanogan,WA,Passenger,34,31,65,26063,26128,0.25
February 29 2024,Pend Oreille,WA,Truck,3,0,3,5355,5358,0.06
August 31 2022,San Juan,WA,Truck,5,0,5,5949,5954,0.08
July 31 2022,Chelan,WA,Passenger,477,125,602,54199,54801,1.1
July 31 2017,Wahkiakum,WA,Passenger,0,2,2,2836,2838,0.07
March 31 2021,Douglas,WA,Passenger,86,47,133,28376,28509,0.47
February 28 2018,Douglas,WA,Passenger,43,33,76,27319,27395,0.28
January 31 2020,Clallam,WA,Passenger,203,163,366,50912,51278,0.71
April 30 2020,Clallam,WA,Passenger,219,166,385,50341,50726,0.76
June 30 2019,Spokane,WA,Truck,1,0,1,94843,94844,0
March 31 2017,Asotin,WA,Truck,0,0,0,6511,6511,0
July 31 2018,Walla Walla,WA,Passenger,34,44,78,35739,35817,0.22
April 30 2020,Kitsap,WA,Passenger,1312,676,1988,180504,182492,1.09
August 31 2017,Spokane,WA,Truck,1,0,1,90989,90990,0
November 30 2017,Mason,WA,Passenger,63,70,133,44600,44733,0.3
December 31 2017,Grays Harbor,WA,Truck,0,0,0,20060,20060,0
December 31 2019,Spokane,WA,Truck,1,0,1,96358,96359,0
March 31 2023,Skamania,WA,Truck,1,0,1,3858,3859,0.03
August 31 2018,Spokane,WA,Truck,1,0,1,93012,93013,0
August 31 2021,Pacific,WA,Passenger,48,54,102,16058,16160,0.63
July 31 2017,Cowlitz,WA,Passenger,52,61,113,69770,69883,0.16
September 30 2021,San Juan,WA,Passenger,462,143,605,14180,14785,4.09
March 31 2021,Klickitat,WA,Passenger,65,46,111,15024,15135,0.73
September 30 2021,Klickitat,WA,Truck,0,0,0,8333,8333,0
August 31 2019,Skamania,WA,Truck,0,0,0,4073,4073,0
January 31 2022,Grant,WA,Passenger,140,100,240,66777,67017,0.36
March 31 2018,Clark,WA,Passenger,918,641,1559,305971,307530,0.51
February 28 2021,Garfield,WA,Truck,0,0,0,1004,1004,0
March 31 2018,King,WA,Truck,7,1,8,183682,183690,0
October 31 2020,Benton,WA,Truck,0,0,0,43062,43062,0
April 30 2022,Cowlitz,WA,Passenger,314,172,486,70874,71360,0.68
March 31 2020,Douglas,WA,Passenger,71,40,111,28169,28280,0.39
December 31 2019,Grays Harbor,WA,Passenger,105,100,205,48386,48591,0.42
December 31 2020,Cowlitz,WA,Truck,0,0,0,28930,28930,0
January 31 2018,Grays Harbor,WA,Truck,0,0,0,20084,20084,0
August 31 2021,Franklin,WA,Passenger,139,99,238,61930,62168,0.38
December 31 2021,King,WA,Truck,6,1,7,182952,182959,0
December 31 2018,Okanogan,WA,Truck,0,0,0,16487,16487,0
February 28 2017,Garfield,WA,Passenger,0,0,0,1290,1290,0
July 31 2019,Chelan,WA,Passenger,161,68,229,54426,54655,0.42
February 28 2019,Chelan,WA,Truck,0,0,0,22094,22094,0
November 30 2019,Okanogan,WA,Truck,0,0,0,16552,16552,0
April 30 2018,Kittitas,WA,Truck,0,0,0,13995,13995,0
December 31 2023,Mason,WA,Passenger,546,226,772,45673,46445,1.66
December 31 2019,Grant,WA,Passenger,55,68,123,65614,65737,0.19
August 31 2020,Stevens,WA,Passenger,35,36,71,30479,30550,0.23
June 30 2017,Skamania,WA,Passenger,9,7,16,8564,8580,0.19
February 28 2018,Pacific,WA,Truck,0,0,0,7560,7560,0
January 31 2023,Ferry,WA,Passenger,24,4,28,4344,4372,0.64
January 31 2017,Okanogan,WA,Truck,0,0,0,16374,16374,0
August 31 2022,Wahkiakum,WA,Passenger,24,12,36,3078,3114,1.16
November 30 2022,Clark,WA,Truck,39,0,39,81992,82031,0.05
September 30 2022,Whatcom,WA,Passenger,1950,770,2720,148656,151376,1.8
January 31 2020,Stevens,WA,Passenger,33,32,65,31481,31546,0.21
August 31 2023,Klickitat,WA,Truck,11,0,11,8225,8236,0.13
October 31 2022,Ferry,WA,Truck,0,0,0,3592,3592,0
December 31 2020,Pierce,WA,Passenger,2825,1770,4595,555322,559917,0.82
November 30 2022,Kittitas,WA,Passenger,296,93,389,29544,29933,1.3
June 30 2020,Whitman,WA,Passenger,44,48,92,22131,22223,0.41
November 30 2023,Clallam,WA,Passenger,649,312,961,48654,49615,1.94
May 31 2018,Ferry,WA,Truck,0,0,0,3503,3503,0
November 30 2017,Walla Walla,WA,Passenger,29,31,60,35237,35297,0.17
April 30 2021,Pierce,WA,Passenger,3271,1902,5173,559452,564625,0.92
March 31 2017,Grant,WA,Passenger,17,21,38,60323,60361,0.06
June 30 2019,Klickitat,WA,Passenger,35,32,67,15556,15623,0.43
December 31 2023,Mason,WA,Truck,19,0,19,20166,20185,0.09
November 30 2022,Ferry,WA,Truck,0,0,0,3581,3581,0
April 30 2020,Clark,WA,Passenger,1992,1056,3048,318673,321721,0.95
March 31 2020,King,WA,Truck,5,1,6,182393,182399,0
February 28 2022,Douglas,WA,Passenger,122,55,177,28549,28726,0.62
December 31 2019,Grays Harbor,WA,Truck,0,0,0,20767,20767,0
January 31 2022,Kitsap,WA,Passenger,2188,968,3156,179664,182820,1.73
February 28 2021,Whatcom,WA,Passenger,1277,572,1849,149978,151827,1.22
March 31 2020,Mason,WA,Passenger,153,133,286,47497,47783,0.6
October 31 2023,Stevens,WA,Truck,2,0,2,18582,18584,0.01
June 30 2021,Jefferson,WA,Truck,0,0,0,9622,9622,0
February 29 2020,Garfield,WA,Truck,0,0,0,963,963,0
September 30 2022,Wahkiakum,WA,Truck,1,0,1,1799,1800,0.06
April 30 2023,Douglas,WA,Passenger,189,59,248,28647,28895,0.86
June 30 2022,Spokane,WA,Passenger,1597,848,2445,325040,327485,0.75
January 31 2018,Clark,WA,Passenger,873,599,1472,305270,306742,0.48
January 31 2022,Jefferson,WA,Truck,0,0,0,9569,9569,0
March 31 2018,San Juan,WA,Truck,0,0,0,5655,5655,0
August 31 2020,Thurston,WA,Truck,0,0,0,55967,55967,0
January 31 2020,Island,WA,Passenger,392,258,650,63542,64192,1.01
January 31 2020,Pacific,WA,Passenger,30,31,61,16091,16152,0.38
March 31 2017,Franklin,WA,Truck,0,0,0,17957,17957,0
September 30 2022,Thurston,WA,Truck,21,0,21,54976,54997,0.04
December 31 2017,Kitsap,WA,Passenger,693,377,1070,175842,176912,0.6
March 31 2021,Grays Harbor,WA,Truck,0,0,0,21265,21265,0
June 30 2021,Adams,WA,Truck,0,0,0,5385,5385,0
August 31 2022,Thurston,WA,Passenger,2325,1084,3409,192747,196156,1.74
January 31 2022,Pend Oreille,WA,Passenger,17,9,26,9111,9137,0.28
March 31 2022,Ferry,WA,Passenger,17,3,20,4430,4450,0.45
April 30 2020,Skamania,WA,Truck,0,0,0,4052,4052,0
October 31 2021,San Juan,WA,Truck,0,0,0,5974,5974,0
March 31 2022,Stevens,WA,Passenger,60,50,110,30053,30163,0.36
November 30 2020,Franklin,WA,Passenger,78,80,158,61150,61308,0.26
April 30 2023,Garfield,WA,Truck,0,0,0,979,979,0
November 30 2019,Grays Harbor,WA,Passenger,99,99,198,48343,48541,0.41
November 30 2020,Skamania,WA,Truck,0,0,0,4006,4006,0
March 31 2021,Kitsap,WA,Passenger,1674,799,2473,179647,182120,1.36
August 31 2021,Walla Walla,WA,Passenger,121,82,203,36465,36668,0.55
September 30 2021,Grays Harbor,WA,Passenger,183,150,333,49466,49799,0.67
July 31 2022,Mason,WA,Passenger,319,174,493,47081,47574,1.04
April 30 2017,Stevens,WA,Truck,0,0,0,18284,18284,0
July 31 2019,Clallam,WA,Passenger,177,144,321,50640,50961,0.63
June 30 2023,Klickitat,WA,Truck,12,0,12,8237,8249,0.15
October 31 2019,Adams,WA,Truck,0,0,0,5152,5152,0
November 30 2020,Whitman,WA,Truck,0,0,0,8490,8490,0
May 31 2022,Skamania,WA,Truck,0,0,0,3966,3966,0
December 31 2023,Thurston,WA,Passenger,3780,1391,5171,187493,192664,2.68
February 28 2017,Mason,WA,Passenger,47,61,108,42774,42882,0.25
July 31 2021,Asotin,WA,Truck,0,0,0,6765,6765,0
November 30 2023,Chelan,WA,Passenger,721,205,926,53795,54721,1.69
May 31 2019,Yakima,WA,Truck,0,0,0,59080,59080,0
March 31 2022,Clallam,WA,Passenger,402,240,642,49959,50601,1.27
August 31 2021,San Juan,WA,Passenger,452,141,593,14201,14794,4.01
August 31 2021,Island,WA,Passenger,645,318,963,63120,64083,1.5
September 30 2021,Asotin,WA,Passenger,20,17,37,12726,12763,0.29
December 31 2023,Pacific,WA,Truck,6,0,6,7767,7773,0.08
July 31 2023,Kitsap,WA,Truck,80,0,80,52159,52239,0.15
September 30 2022,Clallam,WA,Truck,6,0,6,21874,21880,0.03
June 30 2022,Klickitat,WA,Passenger,103,55,158,15231,15389,1.03
May 31 2022,San Juan,WA,Passenger,499,152,651,14085,14736,4.42
February 28 2019,Pend Oreille,WA,Truck,0,0,0,5738,5738,0
March 31 2023,Jefferson,WA,Passenger,524,247,771,24285,25056,3.08
July 31 2023,Snohomish,WA,Passenger,13190,3142,16332,527416,543748,3
April 30 2019,Ferry,WA,Passenger,4,2,6,4371,4377,0.14
March 31 2019,Jefferson,WA,Truck,0,0,0,9640,9640,0
May 31 2023,Clark,WA,Passenger,5651,2287,7938,313802,321740,2.47
June 30 2021,Benton,WA,Truck,0,0,0,43627,43627,0
June 30 2020,Grant,WA,Passenger,59,71,130,65223,65353,0.2
August 31 2022,Island,WA,Passenger,856,379,1235,61669,62904,1.96
August 31 2018,Jefferson,WA,Passenger,152,101,253,24677,24930,1.01
September 30 2020,Columbia,WA,Truck,0,0,0,1531,1531,0
February 28 2023,Grant,WA,Truck,7,0,7,28061,28068,0.02
August 31 2018,Adams,WA,Passenger,5,5,10,12678,12688,0.08
August 31 2018,Clark,WA,Passenger,1069,765,1834,309183,311017,0.59
November 30 2023,Island,WA,Passenger,1272,471,1743,60687,62430,2.79
March 31 2023,Whitman,WA,Truck,4,0,4,8604,8608,0.05
February 28 2017,Wahkiakum,WA,Truck,0,0,0,1625,1625,0
June 30 2020,Pend Oreille,WA,Truck,0,0,0,5758,5758,0
August 31 2022,Skagit,WA,Passenger,854,348,1202,89723,90925,1.32
March 31 2023,Douglas,WA,Truck,6,0,6,12885,12891,0.05
December 31 2021,Mason,WA,Truck,0,0,0,21197,21197,0
August 31 2017,Pend Oreille,WA,Truck,0,0,0,5551,5551,0
October 31 2020,Grant,WA,Passenger,71,81,152,65725,65877,0.23
December 31 2021,Ferry,WA,Truck,0,0,0,3595,3595,0
October 31 2022,Grays Harbor,WA,Passenger,231,166,397,48685,49082,0.81
February 28 2022,Chelan,WA,Passenger,429,121,550,54545,55095,1
June 30 2019,Walla Walla,WA,Truck,0,0,0,13591,13591,0
December 31 2021,Skamania,WA,Truck,0,0,0,3998,3998,0
August 31 2021,Spokane,WA,Truck,0,0,0,102416,102416,0
April 30 2018,Lewis,WA,Passenger,78,53,131,57351,57482,0.23
March 31 2023,Grays Harbor,WA,Truck,2,0,2,21006,21008,0.01
August 31 2022,Klickitat,WA,Passenger,106,54,160,15167,15327,1.04
May 31 2018,Kittitas,WA,Passenger,45,32,77,28904,28981,0.27
September 30 2019,Franklin,WA,Truck,0,0,0,19531,19531,0
March 31 2023,San Juan,WA,Truck,10,0,10,5913,5923,0.17
December 31 2019,Clark,WA,Passenger,1843,1044,2887,317671,320558,0.9
February 28 2019,Benton,WA,Truck,0,0,0,41547,41547,0
January 31 2017,Thurston,WA,Truck,0,0,0,53329,53329,0
August 31 2019,Chelan,WA,Passenger,165,70,235,54448,54683,0.43
November 30 2022,King,WA,Passenger,47002,12035,59037,1338609,1397646,4.22
December 31 2019,Ferry,WA,Truck,0,0,0,3581,3581,0
May 31 2019,Kitsap,WA,Passenger,1035,588,1623,180649,182272,0.89
January 31 2019,Lincoln,WA,Truck,0,0,0,4665,4665,0
February 28 2017,Whitman,WA,Passenger,8,18,26,21934,21960,0.12
February 28 2021,Thurston,WA,Passenger,1383,810,2193,197041,199234,1.1
November 30 2021,Whatcom,WA,Passenger,1611,660,2271,150117,152388,1.49
June 30 2017,Ferry,WA,Passenger,1,1,2,4396,4398,0.05
March 31 2023,Franklin,WA,Truck,5,0,5,20878,20883,0.02
January 31 2020,Thurston,WA,Truck,0,0,0,55757,55757,0
January 31 2023,Spokane,WA,Passenger,1991,952,2943,324018,326961,0.9
November 30 2018,Grant,WA,Passenger,32,52,84,64030,64114,0.13
January 31 2023,Pierce,WA,Passenger,6392,2545,8937,536964,545901,1.64
May 31 2021,Snohomish,WA,Truck,1,0,1,126338,126339,0
March 31 2022,Klickitat,WA,Passenger,96,54,150,15323,15473,0.97
August 31 2018,Pend Oreille,WA,Passenger,5,5,10,9584,9594,0.1
May 31 2022,Spokane,WA,Truck,1,0,1,102147,102148,0
September 30 2018,Snohomish,WA,Passenger,2516,1329,3845,524489,528334,0.73
October 31 2020,Skagit,WA,Truck,1,0,1,32673,32674,0
June 30 2017,Douglas,WA,Truck,0,0,0,11526,11526,0
August 31 2023,Chelan,WA,Truck,33,0,33,23175,23208,0.14
February 28 2021,Pacific,WA,Truck,0,0,0,7827,7827,0
January 31 2017,Ferry,WA,Truck,0,0,0,3581,3581,0
September 30 2018,Pierce,WA,Passenger,1325,1267,2592,535464,538056,0.48
August 31 2021,Adams,WA,Passenger,16,14,30,13033,13063,0.23
April 30 2020,Island,WA,Truck,1,0,1,21134,21135,0
September 30 2021,Whitman,WA,Truck,0,0,0,8561,8561,0
July 31 2017,Adams,WA,Truck,0,0,0,5123,5123,0
June 30 2019,Franklin,WA,Truck,0,0,0,19266,19266,0
August 31 2022,King,WA,Passenger,42915,11629,54544,1343728,1398272,3.9
February 29 2020,Klickitat,WA,Truck,0,0,0,8299,8299,0
June 30 2019,Columbia,WA,Truck,0,0,0,1532,1532,0
November 30 2019,King,WA,Truck,6,1,7,182313,182320,0
September 30 2021,Whatcom,WA,Truck,4,0,4,43790,43794,0.01
December 31 2017,Douglas,WA,Truck,0,0,0,11756,11756,0
May 31 2019,Ferry,WA,Passenger,5,2,7,4382,4389,0.16
December 31 2019,Skamania,WA,Truck,0,0,0,4097,4097,0
March 31 2017,Garfield,WA,Truck,0,0,0,939,939,0
December 31 2020,Walla Walla,WA,Passenger,98,67,165,36123,36288,0.45
November 30 2019,Klickitat,WA,Passenger,45,38,83,15671,15754,0.53
February 28 2018,Stevens,WA,Truck,0,0,0,18399,18399,0
November 30 2021,Adams,WA,Truck,0,0,0,5419,5419,0
April 30 2020,Thurston,WA,Passenger,1141,729,1870,197372,199242,0.94
November 30 2022,Cowlitz,WA,Truck,4,0,4,28385,28389,0.01
April 30 2023,Ferry,WA,Truck,0,0,0,3569,3569,0
January 31 2024,Skamania,WA,Truck,2,0,2,3719,3721,0.05
December 31 2019,Adams,WA,Truck,0,0,0,5196,5196,0
December 31 2023,Kittitas,WA,Truck,23,0,23,14374,14397,0.16
March 31 2018,Skamania,WA,Passenger,12,8,20,8665,8685,0.23
June 30 2023,Skamania,WA,Truck,1,0,1,3845,3846,0.03
May 31 2019,Columbia,WA,Passenger,2,2,4,2444,2448,0.16
July 31 2022,Kittitas,WA,Passenger,278,86,364,29676,30040,1.21
July 31 2021,Island,WA,Passenger,625,316,941,63118,64059,1.47
December 31 2018,Whatcom,WA,Passenger,757,370,1127,149414,150541,0.75
January 31 2021,Grant,WA,Passenger,87,84,171,66082,66253,0.26
April 30 2020,Spokane,WA,Truck,1,0,1,97375,97376,0
June 30 2022,Stevens,WA,Passenger,68,54,122,30121,30243,0.4
August 31 2021,Pacific,WA,Truck,0,0,0,7969,7969,0
September 30 2023,Klickitat,WA,Passenger,175,67,242,15110,15352,1.58
April 30 2021,Jefferson,WA,Truck,0,0,0,9619,9619,0
July 31 2019,Asotin,WA,Truck,0,0,0,6662,6662,0
June 30 2023,Asotin,WA,Truck,0,0,0,6636,6636,0
January 31 2021,Kittitas,WA,Truck,0,0,0,14675,14675,0
August 31 2020,Pacific,WA,Passenger,32,33,65,15704,15769,0.41
September 30 2019,Clallam,WA,Passenger,185,151,336,50853,51189,0.66
May 31 2021,Garfield,WA,Truck,0,0,0,997,997,0
March 31 2022,Spokane,WA,Passenger,1438,799,2237,325553,327790,0.68
October 31 2023,Yakima,WA,Truck,15,0,15,60568,60583,0.02
July 31 2021,Clallam,WA,Truck,1,0,1,22026,22027,0
December 31 2022,Adams,WA,Truck,1,0,1,5391,5392,0.02
November 30 2017,King,WA,Truck,7,1,8,185481,185489,0
May 31 2023,Whitman,WA,Passenger,144,75,219,21989,22208,0.99
January 31 2020,Kittitas,WA,Passenger,93,47,140,30079,30219,0.46
August 31 2020,Grant,WA,Truck,0,0,0,27230,27230,0
September 30 2021,Garfield,WA,Passenger,0,3,3,1364,1367,0.22
September 30 2020,Spokane,WA,Truck,1,0,1,99837,99838,0
August 31 2018,Skamania,WA,Passenger,14,10,24,8668,8692,0.28
June 30 2021,Douglas,WA,Passenger,93,48,141,28515,28656,0.49
February 28 2021,Skamania,WA,Passenger,37,24,61,8285,8346,0.73
October 31 2022,Cowlitz,WA,Passenger,383,184,567,70232,70799,0.8
December 31 2019,Whatcom,WA,Passenger,987,477,1464,151658,153122,0.96
July 31 2022,Thurston,WA,Truck,8,0,8,55267,55275,0.01
January 31 2017,San Juan,WA,Truck,0,0,0,5592,5592,0
May 31 2022,Whatcom,WA,Passenger,1799,729,2528,148810,151338,1.67
March 31 2023,King,WA,Passenger,52103,13150,65253,1322436,1387689,4.7
July 31 2020,Grant,WA,Passenger,61,75,136,65268,65404,0.21
March 31 2022,Grant,WA,Passenger,151,100,251,66821,67072,0.37
August 31 2021,Okanogan,WA,Truck,0,0,0,16743,16743,0
February 28 2021,Chelan,WA,Truck,0,0,0,22866,22866,0
February 28 2017,Lewis,WA,Passenger,45,33,78,54973,55051,0.14
October 31 2020,Grant,WA,Truck,0,0,0,27380,27380,0
February 29 2020,Stevens,WA,Passenger,33,33,66,31427,31493,0.21
February 28 2019,Ferry,WA,Truck,0,0,0,3592,3592,0
March 31 2017,Kitsap,WA,Truck,1,0,1,52315,52316,0
October 31 2019,Chelan,WA,Truck,0,0,0,22494,22494,0
June 30 2020,Chelan,WA,Truck,0,0,0,22514,22514,0
November 30 2019,Klickitat,WA,Truck,0,0,0,8304,8304,0
January 31 2017,Snohomish,WA,Passenger,1549,803,2352,514909,517261,0.45
January 31 2023,Jefferson,WA,Passenger,495,236,731,24286,25017,2.92
December 31 2018,Clark,WA,Truck,0,0,0,79831,79831,0
April 30 2021,Clark,WA,Passenger,2681,1329,4010,321488,325498,1.23
April 30 2018,Chelan,WA,Truck,0,0,0,21763,21763,0
August 31 2022,King,WA,Truck,204,2,206,179924,180130,0.11
May 31 2020,Cowlitz,WA,Passenger,136,115,251,72353,72604,0.35
April 30 2020,Lewis,WA,Passenger,99,108,207,58643,58850,0.35
February 28 2021,Adams,WA,Truck,0,0,0,5342,5342,0
September 30 2023,Okanogan,WA,Truck,7,0,7,16329,16336,0.04
January 31 2019,Thurston,WA,Passenger,771,589,1360,195959,197319,0.69
July 31 2018,Mason,WA,Passenger,87,91,178,45857,46035,0.39
January 31 2022,Adams,WA,Passenger,17,14,31,13028,13059,0.24
January 31 2020,Skamania,WA,Truck,0,0,0,4104,4104,0
November 30 2022,Adams,WA,Passenger,22,11,33,13012,13045,0.25
August 31 2017,Stevens,WA,Passenger,8,22,30,31504,31534,0.1
February 28 2023,Skamania,WA,Passenger,93,53,146,8112,8258,1.77
March 31 2017,Lewis,WA,Passenger,45,36,81,55102,55183,0.15
June 30 2021,Okanogan,WA,Passenger,63,38,101,26498,26599,0.38
May 31 2022,Cowlitz,WA,Passenger,322,175,497,70667,71164,0.7
December 31 2023,Snohomish,WA,Truck,282,0,282,118814,119096,0.24
January 31 2024,Okanogan,WA,Passenger,172,76,248,25529,25777,0.96
February 28 2019,Clark,WA,Truck,0,0,0,79966,79966,0
July 31 2020,Pierce,WA,Truck,0,0,0,142888,142888,0
May 31 2018,Skagit,WA,Truck,1,0,1,32043,32044,0
July 31 2020,Columbia,WA,Truck,0,0,0,1540,1540,0
May 31 2018,Whatcom,WA,Truck,2,0,2,42193,42195,0
March 31 2017,Douglas,WA,Passenger,29,19,48,26590,26638,0.18
January 31 2018,Spokane,WA,Truck,1,0,1,91727,91728,0
April 30 2018,Asotin,WA,Passenger,8,6,14,12635,12649,0.11
August 31 2020,Asotin,WA,Passenger,17,14,31,12352,12383,0.25
March 31 2020,Whitman,WA,Truck,0,0,0,8551,8551,0
April 30 2020,Franklin,WA,Truck,0,0,0,19840,19840,0
February 29 2020,Kitsap,WA,Truck,1,0,1,54378,54379,0
August 31 2021,Kittitas,WA,Truck,0,0,0,14782,14782,0
August 31 2020,Garfield,WA,Truck,0,0,0,992,992,0
July 31 2019,Benton,WA,Passenger,269,289,558,134138,134696,0.41
February 28 2021,Lewis,WA,Passenger,127,134,261,58853,59114,0.44
November 30 2018,Pierce,WA,Passenger,1470,1339,2809,538299,541108,0.52
May 31 2022,Benton,WA,Passenger,727,455,1182,135184,136366,0.87
November 30 2022,Chelan,WA,Passenger,523,141,664,54214,54878,1.21
September 30 2019,Pierce,WA,Truck,0,0,0,140437,140437,0
October 31 2019,Okanogan,WA,Truck,0,0,0,16518,16518,0
August 31 2017,Columbia,WA,Passenger,1,1,2,2353,2355,0.08
January 31 2024,Jefferson,WA,Truck,19,0,19,9093,9112,0.21
September 30 2017,Garfield,WA,Truck,0,0,0,939,939,0
December 31 2023,Pierce,WA,Truck,234,0,234,132795,133029,0.18
February 28 2018,Franklin,WA,Truck,0,0,0,18574,18574,0
March 31 2021,Douglas,WA,Truck,0,0,0,12552,12552,0
April 30 2020,Garfield,WA,Passenger,0,1,1,1340,1341,0.07
May 31 2023,Pend Oreille,WA,Truck,0,0,0,5625,5625,0
March 31 2020,Benton,WA,Passenger,343,319,662,135138,135800,0.49
May 31 2019,Lewis,WA,Truck,0,0,0,25911,25911,0
February 28 2023,Snohomish,WA,Passenger,10924,2837,13761,529580,543341,2.53
August 31 2021,Thurston,WA,Passenger,1713,905,2618,197513,200131,1.31
June 30 2022,Chelan,WA,Passenger,461,126,587,54318,54905,1.07
June 30 2020,Skagit,WA,Truck,1,0,1,32464,32465,0
December 31 2018,Adams,WA,Passenger,5,6,11,12739,12750,0.09
March 31 2023,Garfield,WA,Passenger,1,3,4,1319,1323,0.3
July 31 2020,Lewis,WA,Truck,0,0,0,26286,26286,0
July 31 2023,Whitman,WA,Passenger,160,79,239,21992,22231,1.08
January 31 2019,Pierce,WA,Truck,0,0,0,139097,139097,0
February 28 2018,Wahkiakum,WA,Passenger,0,2,2,2860,2862,0.07
February 28 2021,Chelan,WA,Passenger,301,88,389,54486,54875,0.71
September 30 2023,Pierce,WA,Truck,192,0,192,135451,135643,0.14
July 31 2020,Stevens,WA,Truck,0,0,0,18669,18669,0
February 28 2017,Columbia,WA,Truck,0,0,0,1529,1529,0
September 30 2020,Spokane,WA,Passenger,796,512,1308,318650,319958,0.41
November 30 2020,Chelan,WA,Passenger,271,84,355,54369,54724,0.65
March 31 2018,Snohomish,WA,Truck,1,0,1,121233,121234,0
November 30 2022,Walla Walla,WA,Passenger,201,107,308,35684,35992,0.86
March 31 2018,Kitsap,WA,Truck,1,0,1,52961,52962,0
October 31 2020,Pacific,WA,Truck,0,0,0,7751,7751,0
December 31 2017,Cowlitz,WA,Passenger,54,67,121,70744,70865,0.17
November 30 2021,Asotin,WA,Passenger,21,17,38,12743,12781,0.3
November 30 2017,Lincoln,WA,Passenger,2,5,7,7551,7558,0.09
July 31 2017,Island,WA,Passenger,121,142,263,60265,60528,0.43
May 31 2021,Lewis,WA,Truck,0,0,0,26892,26892,0
August 31 2023,Stevens,WA,Truck,2,0,2,18705,18707,0.01
October 31 2021,Wahkiakum,WA,Truck,0,0,0,1826,1826,0
July 31 2021,Lincoln,WA,Passenger,6,15,21,7719,7740,0.27
September 30 2017,Garfield,WA,Passenger,1,0,1,1295,1296,0.08
August 31 2020,Pierce,WA,Passenger,2519,1703,4222,552194,556416,0.76
September 30 2020,Island,WA,Truck,1,0,1,21238,21239,0
June 30 2020,Benton,WA,Truck,0,0,0,42700,42700,0
October 31 2021,Island,WA,Passenger,678,333,1011,62963,63974,1.58
September 30 2018,Benton,WA,Passenger,188,209,397,132421,132818,0.3
August 31 2017,Clark,WA,Truck,0,0,0,77891,77891,0
May 31 2023,Yakima,WA,Truck,12,0,12,61147,61159,0.02
May 31 2017,King,WA,Truck,8,1,9,188247,188256,0
December 31 2020,Pend Oreille,WA,Passenger,12,4,16,9167,9183,0.17
February 28 2022,Pend Oreille,WA,Truck,0,0,0,5714,5714,0
January 31 2023,Chelan,WA,Passenger,554,146,700,54294,54994,1.27
December 31 2021,Chelan,WA,Passenger,408,114,522,54669,55191,0.95
July 31 2020,Adams,WA,Passenger,9,7,16,12861,12877,0.12
November 30 2018,Snohomish,WA,Truck,1,0,1,121946,121947,0
July 31 2020,Spokane,WA,Passenger,752,490,1242,316332,317574,0.39
October 31 2022,Clallam,WA,Passenger,456,256,712,49427,50139,1.42
June 30 2017,Wahkiakum,WA,Truck,0,0,0,1644,1644,0
October 31 2021,Whitman,WA,Truck,0,0,0,8559,8559,0
May 31 2019,Snohomish,WA,Truck,1,0,1,122064,122065,0
September 30 2018,Okanogan,WA,Truck,0,0,0,16500,16500,0
June 30 2017,Walla Walla,WA,Passenger,25,26,51,34844,34895,0.15
May 31 2023,Wahkiakum,WA,Truck,2,0,2,1778,1780,0.11
January 31 2018,Skagit,WA,Passenger,170,140,310,89781,90091,0.34
May 31 2020,Spokane,WA,Passenger,720,479,1199,314927,316126,0.38
November 30 2017,Okanogan,WA,Truck,0,0,0,16273,16273,0
January 31 2023,Douglas,WA,Truck,5,0,5,12866,12871,0.04
June 30 2021,Yakima,WA,Truck,0,0,0,61713,61713,0
November 30 2017,Cowlitz,WA,Truck,0,0,0,28143,28143,0
October 31 2019,Yakima,WA,Passenger,116,114,230,165885,166115,0.14
July 31 2023,Klickitat,WA,Truck,11,0,11,8212,8223,0.13
August 31 2023,Kittitas,WA,Passenger,387,107,494,29284,29778,1.66
December 31 2020,Pacific,WA,Passenger,34,35,69,15718,15787,0.44
January 31 2020,Benton,WA,Truck,0,0,0,42558,42558,0
March 31 2019,Whatcom,WA,Passenger,792,385,1177,149708,150885,0.78
March 31 2017,Clark,WA,Passenger,718,454,1172,298251,299423,0.39
May 31 2018,Thurston,WA,Passenger,548,467,1015,192321,193336,0.52
July 31 2017,Pierce,WA,Truck,0,0,0,137349,137349,0
February 29 2024,Mason,WA,Truck,21,0,21,19487,19508,0.11
January 31 2021,Klickitat,WA,Passenger,63,43,106,14985,15091,0.7
June 30 2018,Stevens,WA,Truck,0,0,0,18604,18604,0
October 31 2018,Yakima,WA,Passenger,71,96,167,164402,164569,0.1
January 31 2023,Adams,WA,Passenger,22,11,33,13000,13033,0.25
August 31 2019,Pacific,WA,Passenger,23,29,52,16041,16093,0.32
January 31 2020,Wahkiakum,WA,Truck,0,0,0,1759,1759,0
April 30 2023,Snohomish,WA,Truck,144,0,144,121782,121926,0.12
January 31 2017,Walla Walla,WA,Passenger,16,21,37,34864,34901,0.11
January 31 2022,Benton,WA,Truck,0,0,0,43591,43591,0
October 31 2023,Skamania,WA,Passenger,127,54,181,7991,8172,2.21
April 30 2017,Grant,WA,Passenger,18,21,39,60481,60520,0.06
August 31 2023,Pierce,WA,Passenger,8316,2908,11224,528096,539320,2.08
June 30 2021,Mason,WA,Passenger,215,138,353,48155,48508,0.73
March 31 2020,Snohomish,WA,Passenger,4369,1756,6125,537299,543424,1.13
April 30 2018,Adams,WA,Passenger,5,4,9,12520,12529,0.07
February 28 2021,Island,WA,Truck,0,0,0,21402,21402,0
April 30 2019,Lewis,WA,Passenger,95,93,188,58814,59002,0.32
October 31 2017,Pierce,WA,Truck,0,0,0,136999,136999,0
July 31 2021,Jefferson,WA,Passenger,338,183,521,24873,25394,2.05
January 31 2023,Benton,WA,Truck,13,0,13,43319,43332,0.03
August 31 2018,Snohomish,WA,Truck,1,0,1,121709,121710,0
October 31 2022,Skagit,WA,Passenger,884,349,1233,89400,90633,1.36
March 31 2018,Stevens,WA,Passenger,9,21,30,31599,31629,0.09
February 29 2020,Columbia,WA,Passenger,3,3,6,2434,2440,0.25
November 30 2022,Benton,WA,Passenger,909,492,1401,135745,137146,1.02
July 31 2019,Island,WA,Truck,0,0,0,21302,21302,0
January 31 2018,Lewis,WA,Truck,0,0,0,25328,25328,0
June 30 2023,Walla Walla,WA,Passenger,221,110,331,35481,35812,0.92
September 30 2021,Cowlitz,WA,Passenger,246,154,400,72008,72408,0.55
June 30 2023,Clallam,WA,Passenger,549,285,834,49075,49909,1.67
August 31 2018,Grant,WA,Passenger,34,49,83,63544,63627,0.13
May 31 2019,Clark,WA,Passenger,1475,914,2389,313198,315587,0.76
October 31 2020,Thurston,WA,Passenger,1254,760,2014,197144,199158,1.01
November 30 2023,Ferry,WA,Passenger,23,4,27,4240,4267,0.63
May 31 2018,Mason,WA,Truck,0,0,0,19868,19868,0
February 29 2020,Grant,WA,Truck,0,0,0,27059,27059,0
May 31 2022,King,WA,Passenger,39994,11043,51037,1346927,1397964,3.65
January 31 2021,Ferry,WA,Passenger,9,3,12,4342,4354,0.28
July 31 2022,Grant,WA,Truck,0,0,0,27947,27947,0
September 30 2018,Asotin,WA,Truck,0,0,0,6630,6630,0
November 30 2018,Kittitas,WA,Truck,0,0,0,14166,14166,0
September 30 2018,Columbia,WA,Passenger,2,2,4,2430,2434,0.16
August 31 2020,Okanogan,WA,Passenger,40,34,74,25972,26046,0.28
December 31 2020,Grays Harbor,WA,Truck,0,0,0,21200,21200,0
January 31 2024,Grant,WA,Passenger,373,158,531,66124,66655,0.8
March 31 2019,Klickitat,WA,Truck,0,0,0,8203,8203,0
December 31 2023,Yakima,WA,Passenger,643,297,940,164992,165932,0.57
August 31 2020,Douglas,WA,Truck,0,0,0,12333,12333,0
June 30 2019,Pierce,WA,Truck,0,0,0,139764,139764,0
January 31 2019,Cowlitz,WA,Truck,0,0,0,28725,28725,0
May 31 2020,Kitsap,WA,Passenger,1312,678,1990,179589,181579,1.1
March 31 2021,Cowlitz,WA,Passenger,197,133,330,72144,72474,0.46
April 30 2023,Stevens,WA,Truck,1,0,1,18760,18761,0.01
August 31 2018,Kittitas,WA,Passenger,52,34,86,29120,29206,0.29
August 31 2019,Whatcom,WA,Truck,2,0,2,42993,42995,0
April 30 2018,Okanogan,WA,Passenger,8,19,27,25811,25838,0.1
January 31 2021,Wahkiakum,WA,Passenger,7,6,13,3040,3053,0.43
June 30 2018,Grant,WA,Truck,0,0,0,25921,25921,0
September 30 2019,Skagit,WA,Truck,1,0,1,32511,32512,0
February 28 2019,Jefferson,WA,Truck,0,0,0,9618,9618,0
October 31 2019,Whitman,WA,Truck,0,0,0,8598,8598,0
June 30 2019,Mason,WA,Truck,0,0,0,20353,20353,0
August 31 2019,Kittitas,WA,Truck,0,0,0,14526,14526,0
March 31 2021,Thurston,WA,Truck,0,0,0,56509,56509,0
June 30 2019,Skagit,WA,Passenger,298,200,498,91934,92432,0.54
April 30 2018,Ferry,WA,Passenger,2,3,5,4413,4418,0.11
May 31 2021,Pend Oreille,WA,Passenger,14,6,20,9272,9292,0.22
March 31 2022,Columbia,WA,Truck,0,0,0,1589,1589,0
October 31 2023,Wahkiakum,WA,Truck,4,0,4,1757,1761,0.23
April 30 2017,Spokane,WA,Truck,1,0,1,90259,90260,0
April 30 2021,Whitman,WA,Passenger,59,44,103,21973,22076,0.47
November 30 2022,Kitsap,WA,Truck,27,0,27,52937,52964,0.05
May 31 2020,Okanogan,WA,Passenger,34,33,67,25873,25940,0.26
August 31 2020,Spokane,WA,Passenger,780,504,1284,317368,318652,0.4
December 31 2017,Whitman,WA,Passenger,17,20,37,22423,22460,0.16
May 31 2021,Asotin,WA,Truck,0,0,0,6780,6780,0
June 30 2023,Lewis,WA,Passenger,330,211,541,59351,59892,0.9
January 31 2017,Pierce,WA,Truck,0,0,0,138746,138746,0
September 30 2019,King,WA,Truck,6,1,7,182366,182373,0
July 31 2023,Clark,WA,Truck,102,0,102,81348,81450,0.13
October 31 2022,Lincoln,WA,Passenger,12,17,29,7725,7754,0.37
April 30 2018,Garfield,WA,Truck,0,0,0,949,949,0
February 28 2022,Mason,WA,Truck,0,0,0,21159,21159,0
December 31 2017,Pacific,WA,Passenger,15,13,28,15399,15427,0.18
September 30 2023,Pend Oreille,WA,Passenger,31,17,48,8836,8884,0.54
January 31 2023,Lewis,WA,Passenger,280,189,469,59741,60210,0.78
November 30 2017,Benton,WA,Truck,0,0,0,40499,40499,0
September 30 2022,Whitman,WA,Passenger,96,64,160,21931,22091,0.72
March 31 2019,Skagit,WA,Truck,1,0,1,32251,32252,0
May 31 2023,Ferry,WA,Truck,0,0,0,3566,3566,0
March 31 2019,Grant,WA,Truck,0,0,0,26331,26331,0
December 31 2019,Stevens,WA,Truck,0,0,0,18759,18759,0
October 31 2018,Walla Walla,WA,Passenger,36,50,86,35994,36080,0.24
May 31 2023,San Juan,WA,Passenger,609,176,785,13824,14609,5.37
July 31 2020,Lincoln,WA,Truck,0,0,0,4659,4659,0
August 31 2022,Skamania,WA,Passenger,82,50,132,8135,8267,1.6
April 30 2017,Skamania,WA,Truck,0,0,0,3874,3874,0
November 30 2023,Kittitas,WA,Truck,18,0,18,14453,14471,0.12
December 31 2019,Whitman,WA,Truck,0,0,0,8581,8581,0
May 31 2019,Clallam,WA,Truck,0,0,0,21743,21743,0
June 30 2017,Asotin,WA,Passenger,6,3,9,12422,12431,0.07
December 31 2023,Chelan,WA,Passenger,742,212,954,53657,54611,1.75
February 28 2018,Clallam,WA,Truck,0,0,0,21290,21290,0
February 28 2017,Cowlitz,WA,Passenger,50,46,96,69049,69145,0.14
April 30 2019,Yakima,WA,Passenger,93,103,196,164594,164790,0.12
January 31 2018,Okanogan,WA,Truck,0,0,0,16334,16334,0
December 31 2020,Adams,WA,Truck,0,0,0,5335,5335,0
February 29 2020,Island,WA,Truck,1,0,1,21322,21323,0
May 31 2018,Yakima,WA,Passenger,62,84,146,163632,163778,0.09
November 30 2018,Spokane,WA,Passenger,407,358,765,306843,307608,0.25
November 30 2022,Benton,WA,Truck,7,0,7,43390,43397,0.02
July 31 2019,Lewis,WA,Truck,0,0,0,25963,25963,0
April 30 2019,Franklin,WA,Passenger,53,67,120,59460,59580,0.2
May 31 2021,San Juan,WA,Truck,0,0,0,5922,5922,0
October 31 2022,Franklin,WA,Passenger,239,112,351,61736,62087,0.57
October 31 2022,Skagit,WA,Truck,8,0,8,32205,32213,0.02
July 31 2020,Okanogan,WA,Truck,0,0,0,16486,16486,0
August 31 2021,Cowlitz,WA,Truck,0,1,1,29076,29077,0
September 30 2022,Kitsap,WA,Truck,23,0,23,53142,53165,0.04
February 28 2022,Okanogan,WA,Truck,0,0,0,16701,16701,0
January 31 2022,Garfield,WA,Passenger,0,3,3,1354,1357,0.22
September 30 2023,Franklin,WA,Passenger,359,152,511,62018,62529,0.82
February 29 2020,Jefferson,WA,Truck,0,0,0,9639,9639,0
October 31 2022,Cowlitz,WA,Truck,4,0,4,28436,28440,0.01
June 30 2021,Franklin,WA,Truck,0,0,0,20694,20694,0
May 31 2019,Okanogan,WA,Passenger,21,23,44,26068,26112,0.17
February 28 2021,Klickitat,WA,Passenger,65,45,110,14995,15105,0.73
September 30 2022,Whitman,WA,Truck,2,0,2,8580,8582,0.02
April 30 2020,Grays Harbor,WA,Passenger,106,110,216,48065,48281,0.45
June 30 2020,Jefferson,WA,Passenger,236,139,375,24793,25168,1.49
April 30 2019,Clallam,WA,Passenger,160,132,292,50459,50751,0.58
January 31 2018,Wahkiakum,WA,Truck,0,0,0,1681,1681,0
January 31 2023,Lincoln,WA,Truck,0,0,0,4845,4845,0
April 30 2022,Klickitat,WA,Truck,0,0,0,8275,8275,0
June 30 2018,Walla Walla,WA,Truck,0,0,0,13417,13417,0
June 30 2023,Skamania,WA,Passenger,107,59,166,8062,8228,2.02
April 30 2022,Adams,WA,Truck,0,0,0,5479,5479,0
March 31 2020,Grays Harbor,WA,Truck,0,0,0,20783,20783,0
March 31 2019,Lewis,WA,Passenger,95,92,187,58517,58704,0.32
September 30 2018,Franklin,WA,Truck,0,0,0,18872,18872,0
January 31 2017,King,WA,Truck,8,1,9,191064,191073,0
December 31 2017,Okanogan,WA,Truck,0,0,0,16269,16269,0
July 31 2019,Lincoln,WA,Truck,0,0,0,4684,4684,0
November 30 2021,Jefferson,WA,Passenger,371,195,566,24777,25343,2.23
February 28 2017,Snohomish,WA,Passenger,1604,824,2428,514017,516445,0.47
March 31 2023,San Juan,WA,Passenger,593,174,767,13857,14624,5.24
February 28 2021,Clallam,WA,Passenger,282,195,477,49986,50463,0.95
January 31 2017,Kittitas,WA,Passenger,15,16,31,27154,27185,0.11
June 30 2023,Benton,WA,Passenger,1143,571,1714,135486,137200,1.25
March 31 2017,Mason,WA,Truck,0,0,0,19224,19224,0
January 31 2017,Klickitat,WA,Truck,0,0,0,7939,7939,0
June 30 2021,Skagit,WA,Truck,1,0,1,33012,33013,0
January 31 2017,Franklin,WA,Truck,0,0,0,17909,17909,0
August 31 2019,Klickitat,WA,Truck,0,0,0,8290,8290,0
February 28 2021,Stevens,WA,Passenger,38,42,80,30210,30290,0.26
March 31 2017,Benton,WA,Truck,0,0,0,39850,39850,0
May 31 2018,Pacific,WA,Truck,0,0,0,7587,7587,0
June 30 2021,Pierce,WA,Passenger,3469,1996,5465,560038,565503,0.97
June 30 2018,Grays Harbor,WA,Truck,0,0,0,20220,20220,0
November 30 2020,Spokane,WA,Truck,0,0,0,100342,100342,0
October 31 2018,Ferry,WA,Truck,0,0,0,3565,3565,0
October 31 2017,Pacific,WA,Truck,0,0,0,7520,7520,0
January 31 2018,Kitsap,WA,Passenger,706,402,1108,176377,177485,0.62
July 31 2018,King,WA,Passenger,13477,5801,19278,1372160,1391438,1.39
May 31 2017,Lincoln,WA,Truck,0,0,0,4459,4459,0
April 30 2021,Yakima,WA,Truck,0,0,0,61649,61649,0
April 30 2017,Pacific,WA,Truck,0,0,0,7462,7462,0
December 31 2017,Skamania,WA,Passenger,10,7,17,8587,8604,0.2
June 30 2019,Island,WA,Passenger,317,241,558,63356,63914,0.87
July 31 2020,Clallam,WA,Passenger,237,169,406,50055,50461,0.8
December 31 2021,Kitsap,WA,Passenger,2126,956,3082,179903,182985,1.68
January 31 2018,Island,WA,Passenger,159,168,327,61814,62141,0.53
August 31 2017,Klickitat,WA,Passenger,22,24,46,14783,14829,0.31
July 31 2020,Lincoln,WA,Passenger,5,11,16,7649,7665,0.21
June 30 2020,Skamania,WA,Passenger,31,17,48,8476,8524,0.56
June 30 2017,Lincoln,WA,Passenger,2,5,7,7527,7534,0.09
April 30 2022,Lewis,WA,Passenger,231,173,404,59494,59898,0.67
March 31 2019,Spokane,WA,Passenger,490,393,883,307724,308607,0.29
October 31 2017,Lincoln,WA,Passenger,2,5,7,7574,7581,0.09
May 31 2017,Okanogan,WA,Passenger,3,16,19,25682,25701,0.07
November 30 2023,Mason,WA,Passenger,533,222,755,45865,46620,1.62
February 29 2024,Spokane,WA,Truck,77,0,77,98050,98127,0.08
December 31 2021,Skagit,WA,Passenger,694,302,996,91084,92080,1.08
April 30 2019,San Juan,WA,Passenger,204,69,273,14327,14600,1.87
November 30 2019,Douglas,WA,Truck,0,0,0,12296,12296,0
June 30 2018,King,WA,Truck,7,1,8,183019,183027,0
July 31 2022,Mason,WA,Truck,4,0,4,20953,20957,0.02
August 31 2019,Chelan,WA,Truck,0,0,0,22363,22363,0
September 30 2017,Franklin,WA,Truck,0,0,0,18245,18245,0
February 28 2021,Clallam,WA,Truck,1,0,1,21893,21894,0
April 30 2018,Okanogan,WA,Truck,0,0,0,16351,16351,0
June 30 2019,Asotin,WA,Passenger,12,8,20,12637,12657,0.16
April 30 2020,Okanogan,WA,Passenger,34,31,65,25884,25949,0.25
April 30 2023,Island,WA,Passenger,1012,423,1435,61226,62661,2.29
April 30 2019,Thurston,WA,Passenger,821,612,1433,196682,198115,0.72
December 31 2023,Spokane,WA,Passenger,2851,1403,4254,319273,323527,1.31
August 31 2020,Garfield,WA,Passenger,0,1,1,1349,1350,0.07
August 31 2020,Cowlitz,WA,Truck,0,0,0,28906,28906,0
August 31 2023,Snohomish,WA,Passenger,13961,3227,17188,527018,544206,3.16
September 30 2023,Pierce,WA,Passenger,8574,2979,11553,526690,538243,2.15
February 28 2017,Clark,WA,Truck,0,0,0,77514,77514,0
October 31 2019,Thurston,WA,Passenger,1005,685,1690,198995,200685,0.84
April 30 2022,Yakima,WA,Truck,0,0,0,61517,61517,0
January 31 2017,Adams,WA,Passenger,1,1,2,12174,12176,0.02
September 30 2018,Ferry,WA,Truck,0,0,0,3558,3558,0
April 30 2022,Spokane,WA,Passenger,1506,810,2316,325402,327718,0.71
July 31 2022,Jefferson,WA,Passenger,442,219,661,24528,25189,2.62
March 31 2021,Garfield,WA,Truck,0,0,0,1010,1010,0
August 31 2017,Whatcom,WA,Passenger,481,182,663,143538,144201,0.46
March 31 2017,Chelan,WA,Passenger,55,30,85,51679,51764,0.16
April 30 2020,Stevens,WA,Passenger,33,33,66,30954,31020,0.21
November 30 2022,Lincoln,WA,Passenger,12,19,31,7760,7791,0.4
December 31 2018,Whatcom,WA,Truck,2,0,2,42661,42663,0
February 28 2023,Walla Walla,WA,Passenger,206,107,313,35670,35983,0.87
November 30 2017,Kitsap,WA,Passenger,676,367,1043,175364,176407,0.59
May 31 2017,Ferry,WA,Truck,0,0,0,3546,3546,0
February 28 2023,King,WA,Passenger,50998,12802,63800,1329467,1393267,4.58
December 31 2018,Lewis,WA,Truck,0,0,0,25634,25634,0
September 30 2019,Columbia,WA,Passenger,3,2,5,2447,2452,0.2
June 30 2021,Columbia,WA,Truck,0,0,0,1545,1545,0
January 31 2018,Stevens,WA,Passenger,10,22,32,31592,31624,0.1
October 31 2019,San Juan,WA,Truck,0,0,0,5920,5920,0
April 30 2021,San Juan,WA,Truck,0,0,0,5907,5907,0
May 31 2020,Douglas,WA,Passenger,69,40,109,27959,28068,0.39
December 31 2021,Okanogan,WA,Truck,0,0,0,16677,16677,0
April 30 2021,Kitsap,WA,Truck,0,0,0,54543,54543,0
August 31 2022,Grant,WA,Truck,1,0,1,27979,27980,0
May 31 2018,Franklin,WA,Passenger,38,63,101,57683,57784,0.17
May 31 2017,Lincoln,WA,Passenger,2,5,7,7507,7514,0.09
November 30 2018,Pacific,WA,Passenger,20,23,43,15802,15845,0.27
April 30 2019,Spokane,WA,Truck,1,0,1,94366,94367,0
April 30 2020,Benton,WA,Truck,0,0,0,42484,42484,0
January 31 2024,Lewis,WA,Truck,13,0,13,25127,25140,0.05
March 31 2019,Yakima,WA,Truck,0,0,0,58742,58742,0
February 29 2020,Benton,WA,Passenger,337,320,657,135287,135944,0.48
September 30 2021,Garfield,WA,Truck,0,0,0,997,997,0
June 30 2017,Klickitat,WA,Truck,0,0,0,7962,7962,0
December 31 2023,Grant,WA,Truck,14,0,14,27634,27648,0.05
April 30 2022,Lincoln,WA,Truck,0,0,0,4851,4851,0
June 30 2023,King,WA,Passenger,57647,14686,72333,1325480,1397813,5.17
February 28 2023,Kittitas,WA,Passenger,321,92,413,29523,29936,1.38
October 31 2022,Klickitat,WA,Truck,3,0,3,8245,8248,0.04
February 28 2017,Jefferson,WA,Passenger,89,55,144,23602,23746,0.61
December 31 2023,Grant,WA,Passenger,363,159,522,66570,67092,0.78
June 30 2021,San Juan,WA,Passenger,431,135,566,14248,14814,3.82
June 30 2017,Thurston,WA,Passenger,398,336,734,186613,187347,0.39
August 31 2020,Douglas,WA,Passenger,77,41,118,28006,28124,0.42
September 30 2020,Lincoln,WA,Passenger,5,10,15,7595,7610,0.2
February 28 2023,Jefferson,WA,Passenger,509,242,751,24261,25012,3
December 31 2023,Pend Oreille,WA,Truck,2,0,2,5492,5494,0.04
September 30 2019,Whatcom,WA,Passenger,922,460,1382,151297,152679,0.91
October 31 2022,Lincoln,WA,Truck,0,0,0,4858,4858,0
July 31 2023,Benton,WA,Passenger,1172,578,1750,135303,137053,1.28
August 31 2023,Grant,WA,Passenger,306,136,442,67263,67705,0.65
November 30 2021,Chelan,WA,Truck,0,0,0,23088,23088,0
March 31 2017,Asotin,WA,Passenger,5,2,7,12332,12339,0.06
August 31 2022,Clallam,WA,Truck,4,0,4,21864,21868,0.02
October 31 2021,Lincoln,WA,Passenger,7,16,23,7704,7727,0.3
February 28 2022,Wahkiakum,WA,Truck,0,0,0,1814,1814,0
March 31 2019,Kitsap,WA,Truck,1,0,1,53733,53734,0
September 30 2019,Yakima,WA,Truck,0,0,0,59394,59394,0
May 31 2018,San Juan,WA,Truck,0,0,0,5699,5699,0
June 30 2019,Clark,WA,Passenger,1538,927,2465,313797,316262,0.78
April 30 2022,Stevens,WA,Passenger,64,52,116,30081,30197,0.38
March 31 2022,Franklin,WA,Truck,0,0,0,20924,20924,0
December 31 2019,Stevens,WA,Passenger,31,31,62,31591,31653,0.2
December 31 2018,Ferry,WA,Passenger,3,2,5,4384,4389,0.11
February 28 2023,Pend Oreille,WA,Truck,0,0,0,5582,5582,0
November 30 2018,Jefferson,WA,Passenger,169,104,273,24795,25068,1.09
December 31 2022,Thurston,WA,Passenger,2623,1132,3755,191891,195646,1.92
January 31 2022,Wahkiakum,WA,Passenger,17,11,28,3074,3102,0.9
December 31 2018,Klickitat,WA,Truck,0,0,0,8205,8205,0
June 30 2020,Grays Harbor,WA,Truck,0,0,0,20905,20905,0
September 30 2017,Snohomish,WA,Passenger,1911,974,2885,514323,517208,0.56
December 31 2023,Whitman,WA,Truck,7,0,7,8550,8557,0.08
March 31 2018,Spokane,WA,Passenger,304,273,577,301235,301812,0.19
November 30 2021,Garfield,WA,Passenger,0,3,3,1348,1351,0.22
October 31 2023,Benton,WA,Truck,31,0,31,42878,42909,0.07
September 30 2022,Stevens,WA,Truck,1,0,1,18888,18889,0.01
March 31 2017,Jefferson,WA,Truck,0,0,0,9445,9445,0
August 31 2022,Kitsap,WA,Truck,19,0,19,53198,53217,0.04
December 31 2019,Skamania,WA,Passenger,26,18,44,8760,8804,0.5
June 30 2020,Walla Walla,WA,Passenger,73,62,135,35822,35957,0.38
March 31 2020,Jefferson,WA,Truck,0,0,0,9591,9591,0
June 30 2022,Cowlitz,WA,Truck,2,1,3,28540,28543,0.01
February 28 2022,Cowlitz,WA,Truck,0,1,1,28893,28894,0
January 31 2023,Columbia,WA,Passenger,8,1,9,2433,2442,0.37
January 31 2020,Cowlitz,WA,Passenger,127,111,238,73594,73832,0.32
August 31 2019,Clallam,WA,Passenger,184,148,332,50729,51061,0.65
January 31 2020,San Juan,WA,Truck,0,0,0,5924,5924,0
April 30 2018,Lewis,WA,Truck,0,0,0,25312,25312,0
February 28 2023,Kittitas,WA,Truck,6,0,6,14569,14575,0.04
July 31 2021,Lewis,WA,Passenger,165,146,311,59639,59950,0.52
February 29 2020,Lincoln,WA,Passenger,1,12,13,7782,7795,0.17
March 31 2019,Pend Oreille,WA,Truck,0,0,0,5721,5721,0
November 30 2020,Snohomish,WA,Passenger,4955,1821,6776,537934,544710,1.24
July 31 2020,Franklin,WA,Passenger,65,79,144,60760,60904,0.24
June 30 2021,Garfield,WA,Truck,0,0,0,997,997,0
February 28 2018,Kitsap,WA,Passenger,716,418,1134,176353,177487,0.64
February 28 2021,Yakima,WA,Passenger,185,135,320,167462,167782,0.19
June 30 2019,Whatcom,WA,Passenger,853,427,1280,150671,151951,0.84
December 31 2021,Cowlitz,WA,Passenger,274,163,437,71531,71968,0.61
September 30 2018,Grant,WA,Passenger,33,50,83,63764,63847,0.13
February 28 2018,Klickitat,WA,Passenger,25,27,52,14944,14996,0.35
December 31 2022,Whatcom,WA,Truck,26,0,26,43053,43079,0.06
May 31 2017,Stevens,WA,Passenger,8,23,31,31322,31353,0.1
March 31 2022,Whitman,WA,Passenger,79,54,133,22015,22148,0.6
January 31 2024,Grant,WA,Truck,19,0,19,27402,27421,0.07
October 31 2018,San Juan,WA,Truck,0,0,0,5785,5785,0
November 30 2019,Yakima,WA,Passenger,118,116,234,165977,166211,0.14
December 31 2018,Yakima,WA,Truck,0,0,0,58843,58843,0
February 28 2022,Garfield,WA,Truck,0,0,0,997,997,0
April 30 2020,Klickitat,WA,Passenger,53,41,94,15421,15515,0.61
November 30 2020,Ferry,WA,Truck,0,0,0,3599,3599,0
May 31 2022,Lewis,WA,Passenger,230,175,405,59492,59897,0.68
January 31 2018,Okanogan,WA,Passenger,7,19,26,25696,25722,0.1
October 31 2023,Spokane,WA,Passenger,2680,1300,3980,321070,325050,1.22
August 31 2021,Mason,WA,Truck,0,0,0,21310,21310,0
May 31 2020,Benton,WA,Truck,0,0,0,42472,42472,0
December 31 2021,Pierce,WA,Passenger,4233,2122,6355,555213,561568,1.13
February 28 2019,San Juan,WA,Passenger,193,69,262,14269,14531,1.8
January 31 2021,Kitsap,WA,Passenger,1606,764,2370,179227,181597,1.31
October 31 2023,Skamania,WA,Truck,1,0,1,3777,3778,0.03
January 31 2017,Klickitat,WA,Passenger,20,22,42,14793,14835,0.28
June 30 2023,Snohomish,WA,Truck,173,0,173,121547,121720,0.14
February 28 2022,Whitman,WA,Truck,0,0,0,8581,8581,0
March 31 2021,Mason,WA,Truck,0,0,0,21155,21155,0
May 31 2021,Stevens,WA,Passenger,42,45,87,30539,30626,0.28
July 31 2020,Island,WA,Truck,1,0,1,21217,21218,0
September 30 2018,Yakima,WA,Truck,0,0,0,58685,58685,0
July 31 2020,Douglas,WA,Passenger,75,41,116,28044,28160,0.41
February 28 2022,Grays Harbor,WA,Passenger,202,157,359,49294,49653,0.72
August 31 2022,Mason,WA,Truck,4,0,4,20950,20954,0.02
April 30 2021,Ferry,WA,Truck,0,0,0,3650,3650,0
December 31 2022,Benton,WA,Truck,10,0,10,43320,43330,0.02
November 30 2018,Grays Harbor,WA,Truck,0,0,0,20335,20335,0
February 29 2024,Asotin,WA,Passenger,44,26,70,11924,11994,0.58
November 30 2019,Garfield,WA,Truck,0,0,0,963,963,0
April 30 2019,King,WA,Passenger,18275,6870,25145,1383718,1408863,1.78
March 31 2020,Thurston,WA,Passenger,1131,727,1858,198493,200351,0.93
July 31 2022,Lincoln,WA,Truck,0,0,0,4832,4832,0
June 30 2019,San Juan,WA,Passenger,212,72,284,14404,14688,1.93
May 31 2022,Benton,WA,Truck,2,0,2,43533,43535,0
August 31 2017,Skagit,WA,Passenger,140,112,252,88467,88719,0.28
April 30 2018,Whitman,WA,Passenger,20,24,44,22552,22596,0.19
October 31 2018,Douglas,WA,Truck,0,0,0,12075,12075,0
January 31 2019,Kitsap,WA,Passenger,980,556,1536,179906,181442,0.85
March 31 2022,King,WA,Passenger,37919,10699,48618,1350442,1399060,3.48
June 30 2018,Kitsap,WA,Truck,1,0,1,53200,53201,0
February 28 2017,Okanogan,WA,Truck,0,0,0,16300,16300,0
May 31 2020,Douglas,WA,Truck,0,0,0,12274,12274,0
January 31 2018,Wahkiakum,WA,Passenger,0,2,2,2844,2846,0.07
May 31 2021,Wahkiakum,WA,Passenger,13,7,20,3112,3132,0.64
March 31 2022,Benton,WA,Truck,1,0,1,43602,43603,0
May 31 2019,Ferry,WA,Truck,0,0,0,3589,3589,0
September 30 2019,Ferry,WA,Truck,0,0,0,3584,3584,0
February 28 2022,Ferry,WA,Truck,0,0,0,3566,3566,0
May 31 2023,Grant,WA,Truck,10,0,10,28018,28028,0.04
April 30 2017,Cowlitz,WA,Passenger,52,48,100,69318,69418,0.14
November 30 2020,Wahkiakum,WA,Passenger,6,6,12,3039,3051,0.39
January 31 2018,Columbia,WA,Passenger,2,1,3,2401,2404,0.12
April 30 2022,Snohomish,WA,Truck,4,0,4,124572,124576,0
February 28 2021,Kitsap,WA,Passenger,1641,776,2417,179251,181668,1.33
March 31 2022,Clallam,WA,Truck,1,0,1,22041,22042,0
July 31 2023,Asotin,WA,Truck,0,0,0,6630,6630,0
April 30 2023,Spokane,WA,Truck,33,0,33,101665,101698,0.03
May 31 2021,Lincoln,WA,Truck,0,0,0,4753,4753,0
July 31 2019,Kitsap,WA,Truck,1,0,1,54117,54118,0
July 31 2020,Franklin,WA,Truck,0,0,0,20090,20090,0
December 31 2023,Kittitas,WA,Passenger,460,116,576,28979,29555,1.95
January 31 2021,Skagit,WA,Passenger,517,243,760,91403,92163,0.82
April 30 2019,Whatcom,WA,Passenger,823,393,1216,150042,151258,0.8
July 31 2021,Pacific,WA,Passenger,46,53,99,16018,16117,0.61
July 31 2020,Island,WA,Passenger,430,273,703,62807,63510,1.11
November 30 2021,Okanogan,WA,Truck,0,0,0,16679,16679,0
December 31 2022,Kittitas,WA,Truck,5,0,5,14567,14572,0.03
May 31 2021,Garfield,WA,Passenger,0,2,2,1368,1370,0.15
October 31 2023,Island,WA,Passenger,1237,464,1701,60834,62535,2.72
December 31 2019,Asotin,WA,Truck,0,0,0,6711,6711,0
May 31 2018,Cowlitz,WA,Passenger,58,75,133,71515,71648,0.19
June 30 2017,King,WA,Truck,8,1,9,187719,187728,0
October 31 2022,Stevens,WA,Truck,2,0,2,18870,18872,0.01
October 31 2017,Thurston,WA,Passenger,442,371,813,188825,189638,0.43
January 31 2018,Ferry,WA,Truck,0,0,0,3545,3545,0
September 30 2019,Garfield,WA,Truck,0,0,0,968,968,0
December 31 2020,Snohomish,WA,Passenger,5035,1846,6881,538478,545359,1.26
January 31 2023,Whitman,WA,Truck,3,0,3,8637,8640,0.03
August 31 2019,Kitsap,WA,Passenger,1113,633,1746,181465,183211,0.95
November 30 2018,San Juan,WA,Passenger,176,68,244,14206,14450,1.69
June 30 2017,Adams,WA,Passenger,2,3,5,12202,12207,0.04
July 31 2017,Pacific,WA,Truck,0,0,0,7494,7494,0
March 31 2019,Ferry,WA,Truck,0,0,0,3594,3594,0
January 31 2021,Columbia,WA,Truck,0,0,0,1546,1546,0
May 31 2023,Cowlitz,WA,Truck,8,0,8,28292,28300,0.03
April 30 2018,Stevens,WA,Passenger,10,24,34,31579,31613,0.11
July 31 2019,Chelan,WA,Truck,0,0,0,22347,22347,0
March 31 2021,Grays Harbor,WA,Passenger,150,131,281,49005,49286,0.57
August 31 2023,Yakima,WA,Passenger,554,271,825,166105,166930,0.49
July 31 2022,Stevens,WA,Passenger,72,54,126,30027,30153,0.42
July 31 2017,Thurston,WA,Passenger,418,350,768,187024,187792,0.41
March 31 2017,Klickitat,WA,Passenger,21,23,44,14775,14819,0.3
November 30 2020,San Juan,WA,Passenger,355,106,461,14011,14472,3.19
September 30 2020,Ferry,WA,Truck,0,0,0,3583,3583,0
November 30 2019,Snohomish,WA,Passenger,3942,1705,5647,535304,540951,1.04
March 31 2018,Skagit,WA,Passenger,173,154,327,89891,90218,0.36
December 31 2023,Wahkiakum,WA,Passenger,32,22,54,3041,3095,1.74
April 30 2018,Clark,WA,Passenger,943,657,1600,306417,308017,0.52
March 31 2018,Walla Walla,WA,Passenger,32,36,68,35462,35530,0.19
October 31 2022,Lewis,WA,Truck,2,0,2,26342,26344,0.01
April 30 2023,Wahkiakum,WA,Truck,2,0,2,1794,1796,0.11
October 31 2017,King,WA,Truck,7,1,8,185826,185834,0
July 31 2023,Lewis,WA,Passenger,337,222,559,59400,59959,0.93
October 31 2018,Pierce,WA,Truck,0,0,0,138755,138755,0
September 30 2021,Jefferson,WA,Passenger,357,186,543,24796,25339,2.14
March 31 2022,Snohomish,WA,Passenger,7661,2361,10022,534588,544610,1.84
April 30 2021,Mason,WA,Passenger,191,132,323,48078,48401,0.67
April 30 2019,Stevens,WA,Truck,0,0,0,18679,18679,0
February 28 2021,Kitsap,WA,Truck,0,0,0,54250,54250,0
September 30 2018,Kitsap,WA,Truck,1,0,1,53529,53530,0
October 31 2021,Thurston,WA,Passenger,1800,920,2720,196945,199665,1.36
June 30 2018,Whitman,WA,Passenger,19,28,47,22599,22646,0.21
June 30 2021,Cowlitz,WA,Truck,0,0,0,29115,29115,0
February 28 2023,Okanogan,WA,Truck,2,0,2,16452,16454,0.01
October 31 2022,Benton,WA,Passenger,865,486,1351,135627,136978,0.99
May 31 2017,San Juan,WA,Passenger,104,38,142,13496,13638,1.04
September 30 2021,Pend Oreille,WA,Passenger,17,7,24,9237,9261,0.26
October 31 2018,Skagit,WA,Passenger,240,180,420,91003,91423,0.46
March 31 2023,Adams,WA,Passenger,23,11,34,13037,13071,0.26
September 30 2019,Lincoln,WA,Passenger,2,10,12,7807,7819,0.15
February 29 2024,Ferry,WA,Truck,0,0,0,3362,3362,0
February 28 2018,Okanogan,WA,Truck,0,0,0,16306,16306,0
December 31 2021,San Juan,WA,Truck,0,0,0,6000,6000,0
October 31 2023,Clark,WA,Truck,123,0,123,80650,80773,0.15
January 31 2021,Spokane,WA,Truck,0,0,0,100843,100843,0
December 31 2018,Wahkiakum,WA,Truck,0,0,0,1722,1722,0
February 29 2020,Kittitas,WA,Truck,0,0,0,14650,14650,0
March 31 2017,Lewis,WA,Truck,0,0,0,24820,24820,0
May 31 2023,Lincoln,WA,Truck,0,0,0,4856,4856,0
December 31 2022,Lewis,WA,Passenger,267,185,452,59885,60337,0.75
October 31 2021,Asotin,WA,Truck,0,0,0,6745,6745,0
August 31 2021,Adams,WA,Truck,0,0,0,5412,5412,0
October 31 2020,Pierce,WA,Passenger,2660,1739,4399,554514,558913,0.79
June 30 2020,Okanogan,WA,Passenger,36,33,69,25842,25911,0.27
September 30 2018,Clallam,WA,Passenger,129,122,251,50169,50420,0.5
January 31 2018,Chelan,WA,Truck,0,0,0,21676,21676,0
February 28 2023,Benton,WA,Passenger,986,520,1506,135716,137222,1.1
July 31 2018,Stevens,WA,Truck,0,0,0,18645,18645,0
August 31 2020,Stevens,WA,Truck,0,0,0,18650,18650,0
July 31 2023,Pacific,WA,Truck,4,0,4,7845,7849,0.05
December 31 2017,Clark,WA,Passenger,851,573,1424,304242,305666,0.47
July 31 2017,Okanogan,WA,Truck,0,0,0,16225,16225,0
July 31 2018,Pierce,WA,Passenger,1262,1194,2456,533402,535858,0.46
February 28 2021,Whitman,WA,Passenger,53,46,99,21838,21937,0.45
January 31 2021,Walla Walla,WA,Truck,0,0,0,13896,13896,0
September 30 2019,Lincoln,WA,Truck,0,0,0,4690,4690,0
July 31 2023,Grant,WA,Truck,12,0,12,28064,28076,0.04
February 28 2023,Stevens,WA,Passenger,98,58,156,29927,30083,0.52
May 31 2022,Pacific,WA,Truck,0,0,0,7945,7945,0
May 31 2018,Adams,WA,Truck,0,0,0,5156,5156,0
February 29 2020,Kittitas,WA,Passenger,94,49,143,30013,30156,0.47
May 31 2023,Okanogan,WA,Passenger,124,62,186,26195,26381,0.71
May 31 2017,Kittitas,WA,Truck,0,0,0,13533,13533,0
January 31 2024,Benton,WA,Truck,37,0,37,42068,42105,0.09
April 30 2019,Klickitat,WA,Truck,0,0,0,8218,8218,0
August 31 2018,Kitsap,WA,Passenger,828,488,1316,179295,180611,0.73
October 31 2021,Lewis,WA,Truck,0,0,0,26729,26729,0
January 31 2019,Grant,WA,Truck,0,0,0,26319,26319,0
March 31 2017,Spokane,WA,Truck,1,0,1,90248,90249,0
January 31 2024,Chelan,WA,Truck,48,0,48,22621,22669,0.21
October 31 2017,Walla Walla,WA,Passenger,28,28,56,35146,35202,0.16
August 31 2021,Stevens,WA,Truck,0,0,0,18909,18909,0
January 31 2017,Columbia,WA,Truck,0,0,0,1544,1544,0
December 31 2019,Yakima,WA,Passenger,117,114,231,166275,166506,0.14
March 31 2022,Lincoln,WA,Passenger,7,18,25,7664,7689,0.33
April 30 2017,Yakima,WA,Passenger,38,54,92,159273,159365,0.06
October 31 2022,Asotin,WA,Passenger,26,19,45,12525,12570,0.36
September 30 2023,Wahkiakum,WA,Truck,4,0,4,1766,1770,0.23
October 31 2020,Snohomish,WA,Passenger,4830,1814,6644,537732,544376,1.22
October 31 2020,Adams,WA,Truck,0,0,0,5333,5333,0
March 31 2017,Skamania,WA,Truck,0,0,0,3882,3882,0
June 30 2019,Kitsap,WA,Passenger,1049,605,1654,180773,182427,0.91
February 28 2023,Wahkiakum,WA,Passenger,25,15,40,3042,3082,1.3
November 30 2017,Adams,WA,Truck,0,0,0,5140,5140,0
February 29 2020,Skamania,WA,Passenger,28,18,46,8768,8814,0.52
November 30 2020,Douglas,WA,Truck,0,0,0,12446,12446,0
June 30 2021,Kitsap,WA,Passenger,1850,857,2707,180397,183104,1.48
January 31 2023,Lewis,WA,Truck,2,0,2,26263,26265,0.01
September 30 2018,Mason,WA,Truck,0,0,0,20083,20083,0
February 28 2019,Douglas,WA,Passenger,52,35,87,27936,28023,0.31
June 30 2018,Skamania,WA,Passenger,11,9,20,8659,8679,0.23
May 31 2019,Mason,WA,Truck,0,0,0,20356,20356,0
August 31 2019,Jefferson,WA,Truck,0,0,0,9672,9672,0
December 31 2019,Chelan,WA,Truck,0,0,0,22547,22547,0
May 31 2022,Whatcom,WA,Truck,5,0,5,43348,43353,0.01
September 30 2017,Stevens,WA,Truck,0,0,0,18248,18248,0
March 31 2019,Whitman,WA,Passenger,27,41,68,22709,22777,0.3
August 31 2017,Stevens,WA,Truck,0,0,0,18216,18216,0
May 31 2018,Garfield,WA,Passenger,1,1,2,1326,1328,0.15
September 30 2017,Skamania,WA,Passenger,10,7,17,8571,8588,0.2
August 31 2019,Franklin,WA,Passenger,51,72,123,60223,60346,0.2
November 30 2022,Lewis,WA,Passenger,258,180,438,59956,60394,0.73
July 31 2022,Pacific,WA,Passenger,64,71,135,15819,15954,0.85
February 29 2020,Wahkiakum,WA,Passenger,5,5,10,3018,3028,0.33
June 30 2022,Pierce,WA,Passenger,5061,2306,7367,545359,552726,1.33
February 29 2020,Whitman,WA,Passenger,42,48,90,22612,22702,0.4
June 30 2019,Whitman,WA,Passenger,31,46,77,22704,22781,0.34
December 31 2021,Franklin,WA,Truck,0,0,0,20841,20841,0
October 31 2019,Grays Harbor,WA,Passenger,95,95,190,48296,48486,0.39
December 31 2018,Spokane,WA,Truck,1,0,1,93746,93747,0
May 31 2022,Lewis,WA,Truck,0,0,0,26414,26414,0
February 29 2020,Pend Oreille,WA,Truck,0,0,0,5760,5760,0
May 31 2021,King,WA,Truck,6,1,7,184640,184647,0
June 30 2018,Klickitat,WA,Passenger,25,30,55,15166,15221,0.36
October 31 2017,Douglas,WA,Passenger,36,32,68,26969,27037,0.25
November 30 2021,Stevens,WA,Truck,0,0,0,18911,18911,0
May 31 2020,Thurston,WA,Truck,0,0,0,55493,55493,0
December 31 2022,San Juan,WA,Truck,8,0,8,5912,5920,0.14
December 31 2019,Benton,WA,Truck,0,0,0,42490,42490,0
March 31 2020,Skamania,WA,Truck,0,0,0,4080,4080,0
February 28 2022,Lincoln,WA,Passenger,7,17,24,7682,7706,0.31
October 31 2019,Snohomish,WA,Passenger,3896,1682,5578,535014,540592,1.03
February 28 2019,King,WA,Truck,6,1,7,181996,182003,0
June 30 2020,Kitsap,WA,Passenger,1330,686,2016,179747,181763,1.11
March 31 2019,Franklin,WA,Passenger,52,68,120,59362,59482,0.2
March 31 2022,San Juan,WA,Truck,1,0,1,5994,5995,0.02
January 31 2022,Stevens,WA,Truck,0,0,0,18924,18924,0
November 30 2018,Klickitat,WA,Truck,0,0,0,8179,8179,0
January 31 2021,Benton,WA,Truck,0,0,0,43328,43328,0
July 31 2018,Asotin,WA,Passenger,11,8,19,12634,12653,0.15
June 30 2022,Snohomish,WA,Passenger,8354,2525,10879,532591,543470,2
October 31 2023,Whitman,WA,Passenger,185,92,277,21881,22158,1.25
December 31 2018,Clallam,WA,Passenger,150,124,274,50357,50631,0.54
November 30 2022,Asotin,WA,Passenger,29,20,49,12482,12531,0.39
April 30 2023,Mason,WA,Truck,10,0,10,20804,20814,0.05
March 31 2018,Pacific,WA,Truck,0,0,0,7576,7576,0
April 30 2018,Klickitat,WA,Passenger,25,29,54,15050,15104,0.36
January 31 2024,Whatcom,WA,Passenger,2963,1058,4021,144975,148996,2.7
September 30 2020,Mason,WA,Passenger,162,129,291,47446,47737,0.61
October 31 2022,Thurston,WA,Passenger,2468,1108,3576,192343,195919,1.83
April 30 2021,Kittitas,WA,Truck,0,0,0,14775,14775,0
January 31 2017,Mason,WA,Truck,0,0,0,19182,19182,0
November 30 2019,Clallam,WA,Truck,1,0,1,21841,21842,0
August 31 2020,Ferry,WA,Passenger,7,3,10,4310,4320,0.23
October 31 2018,Clark,WA,Passenger,1149,814,1963,310386,312349,0.63
July 31 2023,Whatcom,WA,Passenger,2562,904,3466,147906,151372,2.29
July 31 2018,Chelan,WA,Passenger,112,52,164,53569,53733,0.31
January 31 2021,Snohomish,WA,Truck,1,0,1,125671,125672,0
November 30 2019,Franklin,WA,Truck,0,0,0,19725,19725,0
July 31 2017,Yakima,WA,Passenger,49,62,111,159643,159754,0.07
March 31 2020,Pacific,WA,Passenger,29,34,63,16020,16083,0.39
September 30 2022,Skamania,WA,Passenger,85,51,136,8107,8243,1.65
January 31 2024,Columbia,WA,Passenger,12,0,12,2374,2386,0.5
March 31 2023,Lewis,WA,Truck,5,0,5,26115,26120,0.02
August 31 2023,Pacific,WA,Truck,5,0,5,7861,7866,0.06
February 28 2019,Clallam,WA,Passenger,153,127,280,50348,50628,0.55
August 31 2021,Kitsap,WA,Truck,0,0,0,54349,54349,0
February 28 2021,Franklin,WA,Passenger,92,87,179,61590,61769,0.29
October 31 2018,Grays Harbor,WA,Passenger,60,66,126,47268,47394,0.27
November 30 2020,Ferry,WA,Passenger,8,3,11,4347,4358,0.25
March 31 2021,Columbia,WA,Truck,0,0,0,1548,1548,0
September 30 2019,Yakima,WA,Passenger,112,113,225,165633,165858,0.14
April 30 2023,Grant,WA,Passenger,267,114,381,66923,67304,0.57
June 30 2017,San Juan,WA,Truck,0,0,0,5533,5533,0
August 31 2019,Walla Walla,WA,Truck,0,0,0,13650,13650,0
July 31 2020,Skagit,WA,Truck,1,0,1,32584,32585,0
February 29 2020,Spokane,WA,Passenger,695,469,1164,317479,318643,0.37
May 31 2022,Pierce,WA,Truck,5,0,5,142195,142200,0
July 31 2019,Snohomish,WA,Passenger,3555,1616,5171,532636,537807,0.96
July 31 2021,Skamania,WA,Passenger,51,36,87,8401,8488,1.02
October 31 2019,Wahkiakum,WA,Passenger,4,3,7,3050,3057,0.23
January 31 2021,Pacific,WA,Truck,0,0,0,7801,7801,0
January 31 2019,Island,WA,Passenger,288,230,518,63234,63752,0.81
July 31 2017,Chelan,WA,Passenger,68,35,103,52137,52240,0.2
April 30 2022,Kittitas,WA,Passenger,236,78,314,29737,30051,1.04
February 28 2023,King,WA,Truck,496,2,498,177330,177828,0.28
July 31 2018,Jefferson,WA,Truck,0,0,0,9580,9580,0
February 28 2023,Whatcom,WA,Truck,44,0,44,42908,42952,0.1
April 30 2022,Benton,WA,Truck,1,0,1,43574,43575,0
February 28 2022,Jefferson,WA,Passenger,393,202,595,24666,25261,2.36
February 28 2023,Walla Walla,WA,Truck,3,0,3,13828,13831,0.02
January 31 2020,Yakima,WA,Truck,0,0,0,59632,59632,0
April 30 2018,Kitsap,WA,Truck,1,0,1,52986,52987,0
March 31 2021,Wahkiakum,WA,Truck,0,0,0,1787,1787,0
January 31 2018,Snohomish,WA,Truck,1,0,1,121551,121552,0
July 31 2017,Walla Walla,WA,Passenger,27,26,53,34887,34940,0.15
July 31 2020,Kitsap,WA,Passenger,1377,696,2073,179808,181881,1.14
October 31 2019,Kittitas,WA,Passenger,87,45,132,29961,30093,0.44
January 31 2018,Columbia,WA,Truck,0,0,0,1545,1545,0
September 30 2023,King,WA,Passenger,64154,15766,79920,1318437,1398357,5.72
January 31 2017,Skagit,WA,Passenger,106,81,187,87447,87634,0.21
August 31 2020,Snohomish,WA,Truck,0,0,0,124581,124581,0
June 30 2020,Snohomish,WA,Truck,0,0,0,123927,123927,0
December 31 2017,Mason,WA,Passenger,66,73,139,44838,44977,0.31
August 31 2022,Lincoln,WA,Passenger,9,16,25,7689,7714,0.32
June 30 2017,Grant,WA,Truck,0,0,0,25219,25219,0
October 31 2019,San Juan,WA,Passenger,236,76,312,14404,14716,2.12
May 31 2022,Island,WA,Passenger,796,372,1168,61862,63030,1.85
October 31 2019,Pacific,WA,Passenger,30,29,59,16106,16165,0.36
August 31 2020,Jefferson,WA,Truck,0,0,0,9536,9536,0
June 30 2021,Lewis,WA,Truck,0,0,0,26855,26855,0
May 31 2020,Klickitat,WA,Passenger,53,40,93,15269,15362,0.61
January 31 2019,Jefferson,WA,Passenger,175,112,287,24849,25136,1.14
October 31 2019,Kittitas,WA,Truck,0,0,0,14620,14620,0
August 31 2017,Adams,WA,Truck,0,0,0,5097,5097,0
March 31 2017,Thurston,WA,Passenger,365,313,678,185385,186063,0.36
June 30 2022,Skamania,WA,Truck,0,0,0,3966,3966,0
March 31 2018,Chelan,WA,Passenger,96,41,137,53344,53481,0.26
January 31 2020,Pend Oreille,WA,Truck,0,0,0,5775,5775,0
January 31 2020,Asotin,WA,Truck,0,0,0,6723,6723,0
December 31 2021,Cowlitz,WA,Truck,0,1,1,28984,28985,0
April 30 2017,Walla Walla,WA,Passenger,22,24,46,34830,34876,0.13
April 30 2019,Benton,WA,Truck,0,0,0,41655,41655,0
November 30 2022,Adams,WA,Truck,1,0,1,5397,5398,0.02
February 28 2019,Pacific,WA,Truck,0,0,0,7631,7631,0
August 31 2019,King,WA,Truck,6,1,7,182238,182245,0
April 30 2017,Chelan,WA,Passenger,55,31,86,51697,51783,0.17
August 31 2020,Kittitas,WA,Passenger,110,47,157,29762,29919,0.52
February 28 2017,Clallam,WA,Passenger,75,64,139,47979,48118,0.29
July 31 2023,Asotin,WA,Passenger,37,24,61,12375,12436,0.49
July 31 2019,Pacific,WA,Passenger,24,30,54,16025,16079,0.34
May 31 2018,Chelan,WA,Passenger,103,49,152,53492,53644,0.28
October 31 2017,Skagit,WA,Passenger,151,126,277,88959,89236,0.31
December 31 2017,Grays Harbor,WA,Passenger,42,41,83,45819,45902,0.18
March 31 2017,Whitman,WA,Truck,0,0,0,8390,8390,0
May 31 2020,Lewis,WA,Passenger,99,110,209,58233,58442,0.36
April 30 2021,Grant,WA,Passenger,102,86,188,66778,66966,0.28
November 30 2022,Skamania,WA,Passenger,89,51,140,8107,8247,1.7
April 30 2020,Lincoln,WA,Truck,0,0,0,4625,4625,0
December 31 2018,Lewis,WA,Passenger,93,79,172,58323,58495,0.29
May 31 2018,Klickitat,WA,Passenger,26,30,56,15106,15162,0.37
December 31 2019,Yakima,WA,Truck,0,0,0,59611,59611,0
March 31 2021,Snohomish,WA,Truck,1,0,1,125910,125911,0
July 31 2017,Douglas,WA,Truck,0,0,0,11514,11514,0
August 31 2018,Skamania,WA,Truck,0,0,0,3949,3949,0
November 30 2020,Franklin,WA,Truck,0,0,0,20373,20373,0
November 30 2017,Kitsap,WA,Truck,1,0,1,52629,52630,0
April 30 2017,Pend Oreille,WA,Passenger,1,4,5,9320,9325,0.05
April 30 2023,Garfield,WA,Passenger,1,3,4,1314,1318,0.3
November 30 2022,Yakima,WA,Passenger,411,218,629,166379,167008,0.38
June 30 2020,Grays Harbor,WA,Passenger,106,111,217,48133,48350,0.45
December 31 2017,Island,WA,Passenger,155,166,321,61552,61873,0.52
August 31 2020,Okanogan,WA,Truck,0,0,0,16535,16535,0
June 30 2020,Walla Walla,WA,Truck,0,0,0,13744,13744,0
March 31 2020,Kittitas,WA,Truck,0,0,0,14622,14622,0
February 29 2020,Lincoln,WA,Truck,0,0,0,4656,4656,0
June 30 2021,Pierce,WA,Truck,0,0,0,145984,145984,0
March 31 2021,Ferry,WA,Passenger,10,3,13,4350,4363,0.3
January 31 2023,Jefferson,WA,Truck,6,0,6,9361,9367,0.06
May 31 2018,Lincoln,WA,Passenger,2,6,8,7643,7651,0.1
August 31 2017,Adams,WA,Passenger,3,3,6,12181,12187,0.05
February 29 2020,Grays Harbor,WA,Truck,0,0,0,20806,20806,0
August 31 2017,Grant,WA,Truck,0,0,0,25351,25351,0
April 30 2018,Pierce,WA,Truck,0,0,0,137344,137344,0
April 30 2018,Jefferson,WA,Truck,0,0,0,9519,9519,0
July 31 2019,Klickitat,WA,Passenger,35,33,68,15577,15645,0.43
January 31 2021,Klickitat,WA,Truck,0,0,0,8114,8114,0
January 31 2022,Wahkiakum,WA,Truck,0,0,0,1815,1815,0
May 31 2019,Whitman,WA,Truck,0,0,0,8551,8551,0
September 30 2018,King,WA,Passenger,14201,6078,20279,1373663,1393942,1.45
February 28 2019,Klickitat,WA,Passenger,30,32,62,15449,15511,0.4
April 30 2017,Jefferson,WA,Truck,0,0,0,9440,9440,0
July 31 2023,Garfield,WA,Passenger,0,3,3,1308,1311,0.23
November 30 2020,Grays Harbor,WA,Truck,0,0,0,21128,21128,0
August 31 2017,Thurston,WA,Passenger,421,359,780,187738,188518,0.41
July 31 2018,Douglas,WA,Passenger,43,32,75,27721,27796,0.27
January 31 2021,Lincoln,WA,Truck,0,0,0,4693,4693,0
July 31 2022,Columbia,WA,Passenger,7,0,7,2429,2436,0.29
August 31 2019,Yakima,WA,Truck,0,0,0,59385,59385,0
January 31 2018,Chelan,WA,Passenger,94,38,132,53233,53365,0.25
July 31 2019,King,WA,Passenger,19624,7111,26735,1390891,1417626,1.89
June 30 2018,Thurston,WA,Passenger,572,480,1052,192965,194017,0.54
September 30 2018,Adams,WA,Passenger,5,5,10,12678,12688,0.08
December 31 2022,Asotin,WA,Passenger,29,20,49,12452,12501,0.39
January 31 2020,Ferry,WA,Passenger,5,2,7,4382,4389,0.16
June 30 2022,Pacific,WA,Truck,0,0,0,7912,7912,0
September 30 2019,Asotin,WA,Passenger,12,8,20,12629,12649,0.16
September 30 2018,Lewis,WA,Truck,0,0,0,25570,25570,0
June 30 2022,Whatcom,WA,Passenger,1814,737,2551,148891,151442,1.68
January 31 2024,Adams,WA,Truck,3,0,3,5208,5211,0.06
October 31 2020,Lewis,WA,Passenger,114,117,231,58444,58675,0.39
April 30 2022,Jefferson,WA,Truck,0,0,0,9518,9518,0
September 30 2021,Whatcom,WA,Passenger,1540,641,2181,150453,152634,1.43
April 30 2023,Yakima,WA,Truck,11,0,11,61162,61173,0.02
July 31 2019,Lincoln,WA,Passenger,2,10,12,7793,7805,0.15
September 30 2019,Jefferson,WA,Truck,0,0,0,9679,9679,0
December 31 2023,King,WA,Truck,1054,2,1056,170573,171629,0.62
September 30 2021,San Juan,WA,Truck,0,0,0,5981,5981,0
March 31 2022,Island,WA,Truck,1,0,1,21440,21441,0
October 31 2017,Walla Walla,WA,Truck,0,0,0,13257,13257,0
December 31 2023,Pacific,WA,Passenger,97,99,196,15392,15588,1.26
March 31 2023,Mason,WA,Passenger,401,200,601,46433,47034,1.28
October 31 2023,Adams,WA,Passenger,29,12,41,13064,13105,0.31
December 31 2022,Pend Oreille,WA,Truck,0,0,0,5586,5586,0
September 30 2018,Lincoln,WA,Truck,0,0,0,4579,4579,0
July 31 2021,King,WA,Truck,5,1,6,184299,184305,0
July 31 2019,Lewis,WA,Passenger,100,98,198,59361,59559,0.33
December 31 2018,Ferry,WA,Truck,0,0,0,3584,3584,0
November 30 2019,Pend Oreille,WA,Truck,0,0,0,5730,5730,0
January 31 2021,King,WA,Truck,6,1,7,184298,184305,0
June 30 2019,Garfield,WA,Truck,0,0,0,962,962,0
December 31 2020,Island,WA,Truck,0,0,0,21341,21341,0
April 30 2023,Skagit,WA,Passenger,1052,389,1441,88998,90439,1.59
August 31 2018,Klickitat,WA,Passenger,24,32,56,15282,15338,0.37
November 30 2021,Franklin,WA,Truck,0,0,0,20774,20774,0
February 29 2020,Whatcom,WA,Passenger,1042,486,1528,151566,153094,1
September 30 2023,Skagit,WA,Passenger,1234,448,1682,88485,90167,1.87
July 31 2019,Stevens,WA,Passenger,19,30,49,31702,31751,0.15
June 30 2020,Adams,WA,Passenger,9,7,16,12781,12797,0.13
January 31 2017,Clallam,WA,Passenger,73,64,137,48003,48140,0.28
October 31 2022,Stevens,WA,Passenger,83,56,139,29986,30125,0.46
March 31 2019,Columbia,WA,Passenger,2,2,4,2428,2432,0.16
March 31 2021,Kittitas,WA,Truck,0,0,0,14757,14757,0
February 28 2022,Klickitat,WA,Truck,0,0,0,8325,8325,0
July 31 2017,Stevens,WA,Passenger,8,23,31,31386,31417,0.1
April 30 2018,Franklin,WA,Passenger,37,59,96,57396,57492,0.17
June 30 2019,Yakima,WA,Passenger,105,104,209,165125,165334,0.13
September 30 2021,Kitsap,WA,Passenger,1992,905,2897,180630,183527,1.58
February 28 2017,Thurston,WA,Truck,0,0,0,53334,53334,0
May 31 2021,Mason,WA,Truck,0,0,0,21326,21326,0
July 31 2017,Snohomish,WA,Passenger,1818,919,2737,513232,515969,0.53
April 30 2017,Stevens,WA,Passenger,8,22,30,31226,31256,0.1
October 31 2019,Island,WA,Passenger,362,251,613,63595,64208,0.95
September 30 2022,Snohomish,WA,Truck,59,0,59,122997,123056,0.05
October 31 2021,Garfield,WA,Passenger,0,3,3,1353,1356,0.22
May 31 2023,Klickitat,WA,Passenger,145,64,209,15175,15384,1.36
February 28 2017,Asotin,WA,Passenger,4,3,7,12321,12328,0.06
August 31 2020,Clallam,WA,Passenger,239,171,410,49947,50357,0.81
November 30 2023,Douglas,WA,Truck,8,0,8,12927,12935,0.06
July 31 2023,Grays Harbor,WA,Truck,9,0,9,20943,20952,0.04
November 30 2022,Pacific,WA,Truck,1,0,1,7844,7845,0.01
August 31 2018,Clallam,WA,Truck,0,0,0,21475,21475,0
October 31 2022,Adams,WA,Passenger,22,12,34,13020,13054,0.26
January 31 2017,Grays Harbor,WA,Passenger,27,24,51,44309,44360,0.11
October 31 2017,Columbia,WA,Passenger,1,1,2,2394,2396,0.08
March 31 2023,Stevens,WA,Passenger,102,60,162,29821,29983,0.54
June 30 2019,Lincoln,WA,Truck,0,0,0,4676,4676,0
December 31 2020,Yakima,WA,Truck,0,0,0,60975,60975,0
October 31 2022,Grant,WA,Passenger,211,108,319,66655,66974,0.48
February 28 2019,Grays Harbor,WA,Passenger,66,79,145,47451,47596,0.3
February 28 2017,San Juan,WA,Truck,0,0,0,5571,5571,0
June 30 2019,Pend Oreille,WA,Passenger,4,5,9,9528,9537,0.09
November 30 2019,Douglas,WA,Passenger,65,38,103,28282,28385,0.36
January 31 2021,Chelan,WA,Truck,0,0,0,22832,22832,0
February 29 2020,Douglas,WA,Truck,0,0,0,12316,12316,0
April 30 2018,San Juan,WA,Truck,0,0,0,5695,5695,0
November 30 2017,Benton,WA,Passenger,165,160,325,129873,130198,0.25
May 31 2022,Douglas,WA,Passenger,131,58,189,28500,28689,0.66
May 31 2020,Skamania,WA,Passenger,30,16,46,8520,8566,0.54
August 31 2019,Lincoln,WA,Passenger,2,10,12,7786,7798,0.15
May 31 2022,Ferry,WA,Truck,0,0,0,3568,3568,0
September 30 2018,Cowlitz,WA,Truck,0,0,0,28599,28599,0
October 31 2021,Mason,WA,Truck,0,0,0,21264,21264,0
November 30 2019,Kittitas,WA,Passenger,89,46,135,30009,30144,0.45
March 31 2021,King,WA,Truck,6,1,7,184511,184518,0
April 30 2022,King,WA,Passenger,39307,10819,50126,1349011,1399137,3.58
October 31 2019,Pierce,WA,Truck,0,0,0,140653,140653,0
February 28 2021,Clark,WA,Truck,0,0,0,83510,83510,0
April 30 2017,Grays Harbor,WA,Passenger,29,30,59,44471,44530,0.13
June 30 2021,Lincoln,WA,Truck,0,0,0,4753,4753,0
March 31 2020,Pierce,WA,Passenger,2310,1691,4001,550934,554935,0.72
July 31 2020,Walla Walla,WA,Truck,0,0,0,13754,13754,0
May 31 2018,Stevens,WA,Passenger,11,25,36,31559,31595,0.11
July 31 2022,Whitman,WA,Passenger,88,60,148,21926,22074,0.67
February 28 2022,San Juan,WA,Passenger,485,152,637,14172,14809,4.3
July 31 2017,Lincoln,WA,Passenger,2,5,7,7519,7526,0.09
November 30 2017,Wahkiakum,WA,Passenger,0,2,2,2868,2870,0.07
November 30 2021,Lincoln,WA,Passenger,7,16,23,7690,7713,0.3
July 31 2018,Lincoln,WA,Truck,0,0,0,4556,4556,0
October 31 2017,San Juan,WA,Passenger,127,40,167,13756,13923,1.2
April 30 2020,Snohomish,WA,Truck,0,0,0,123303,123303,0
August 31 2021,Jefferson,WA,Truck,0,0,0,9608,9608,0
November 30 2021,Wahkiakum,WA,Passenger,17,10,27,3090,3117,0.87
May 31 2021,Franklin,WA,Truck,0,0,0,20651,20651,0
January 31 2019,Benton,WA,Truck,0,0,0,41616,41616,0
May 31 2021,Thurston,WA,Truck,0,0,0,56607,56607,0
August 31 2023,Island,WA,Passenger,1155,451,1606,61059,62665,2.56
January 31 2020,Mason,WA,Truck,0,0,0,20557,20557,0
December 31 2022,Clallam,WA,Passenger,483,262,745,49400,50145,1.49
September 30 2020,Whitman,WA,Passenger,47,47,94,21986,22080,0.43
October 31 2020,Wahkiakum,WA,Truck,0,0,0,1763,1763,0
July 31 2020,Benton,WA,Truck,0,0,0,42877,42877,0
November 30 2019,Pend Oreille,WA,Passenger,7,7,14,9514,9528,0.15
September 30 2021,Snohomish,WA,Passenger,6450,2162,8612,539284,547896,1.57
September 30 2019,Stevens,WA,Truck,0,0,0,18750,18750,0
July 31 2018,Snohomish,WA,Passenger,2404,1294,3698,522595,526293,0.7
August 31 2018,Yakima,WA,Passenger,67,92,159,164192,164351,0.1
April 30 2023,Island,WA,Truck,28,0,28,21036,21064,0.13
May 31 2021,Jefferson,WA,Passenger,321,181,502,24877,25379,1.98
February 28 2018,Lewis,WA,Passenger,52,47,99,56861,56960,0.17
November 30 2023,Pend Oreille,WA,Truck,2,0,2,5535,5537,0.04
April 30 2020,Grays Harbor,WA,Truck,0,0,0,20724,20724,0
December 31 2019,Klickitat,WA,Truck,0,0,0,8316,8316,0
January 31 2017,Pacific,WA,Truck,0,0,0,7507,7507,0
April 30 2017,Skagit,WA,Passenger,123,97,220,87594,87814,0.25
September 30 2020,Wahkiakum,WA,Truck,0,0,0,1758,1758,0
February 28 2017,King,WA,Passenger,9096,3712,12808,1385055,1397863,0.92
September 30 2019,Island,WA,Passenger,346,250,596,63447,64043,0.93
February 28 2017,Whatcom,WA,Passenger,401,146,547,141869,142416,0.38
May 31 2023,Island,WA,Passenger,1045,431,1476,61158,62634,2.36
August 31 2021,Mason,WA,Passenger,227,145,372,48048,48420,0.77
December 31 2017,Lewis,WA,Truck,0,0,0,25314,25314,0
January 31 2018,Grays Harbor,WA,Passenger,42,42,84,45971,46055,0.18
September 30 2020,Okanogan,WA,Truck,0,0,0,16537,16537,0
October 31 2020,Island,WA,Truck,1,0,1,21288,21289,0
December 31 2022,Asotin,WA,Truck,0,0,0,6665,6665,0
May 31 2023,Asotin,WA,Truck,0,0,0,6623,6623,0
February 29 2024,Adams,WA,Truck,3,0,3,5084,5087,0.06
March 31 2022,Pierce,WA,Truck,2,0,2,143375,143377,0
February 28 2022,Franklin,WA,Passenger,175,102,277,62038,62315,0.44
February 28 2021,Adams,WA,Passenger,10,6,16,12971,12987,0.12
November 30 2022,Columbia,WA,Passenger,8,1,9,2428,2437,0.37
January 31 2024,Kitsap,WA,Passenger,4004,1509,5513,172410,177923,3.1
January 31 2017,Stevens,WA,Passenger,6,21,27,31523,31550,0.09
May 31 2022,Whitman,WA,Truck,0,0,0,8562,8562,0
April 30 2020,Cowlitz,WA,Passenger,136,115,251,72710,72961,0.34
June 30 2017,Asotin,WA,Truck,0,0,0,6502,6502,0
April 30 2017,Pierce,WA,Truck,0,0,0,137793,137793,0
November 30 2018,Wahkiakum,WA,Passenger,1,1,2,2982,2984,0.07
May 31 2022,Wahkiakum,WA,Passenger,22,10,32,3083,3115,1.03
September 30 2022,Lincoln,WA,Truck,0,0,0,4849,4849,0
March 31 2023,Wahkiakum,WA,Passenger,24,16,40,3060,3100,1.29
April 30 2023,Chelan,WA,Truck,26,0,26,23137,23163,0.11
January 31 2023,Pacific,WA,Truck,2,0,2,7820,7822,0.03
March 31 2020,Okanogan,WA,Truck,0,0,0,16452,16452,0
April 30 2022,Grays Harbor,WA,Truck,0,0,0,21338,21338,0
July 31 2017,Skamania,WA,Truck,0,0,0,3873,3873,0
April 30 2023,Adams,WA,Passenger,24,12,36,13043,13079,0.28
May 31 2018,Jefferson,WA,Passenger,138,91,229,24387,24616,0.93
July 31 2020,Douglas,WA,Truck,0,0,0,12346,12346,0
February 28 2019,Kitsap,WA,Truck,1,0,1,53691,53692,0
September 30 2017,Lewis,WA,Truck,0,0,0,25117,25117,0
October 31 2018,Snohomish,WA,Truck,1,0,1,121858,121859,0
October 31 2022,Chelan,WA,Passenger,506,139,645,54136,54781,1.18
April 30 2018,Clallam,WA,Passenger,117,105,222,49612,49834,0.45
February 29 2024,Grays Harbor,WA,Passenger,390,214,604,46410,47014,1.28
July 31 2021,Adams,WA,Passenger,16,12,28,13031,13059,0.21
March 31 2021,Adams,WA,Truck,0,0,0,5374,5374,0
July 31 2023,Adams,WA,Passenger,24,12,36,13067,13103,0.27
August 31 2023,Clark,WA,Truck,114,0,114,81231,81345,0.14
October 31 2017,Pacific,WA,Passenger,14,10,24,15317,15341,0.16
September 30 2018,Spokane,WA,Truck,1,0,1,93168,93169,0
April 30 2023,Grays Harbor,WA,Passenger,288,182,470,48389,48859,0.96
May 31 2023,Kittitas,WA,Truck,8,0,8,14567,14575,0.05
December 31 2018,Lincoln,WA,Passenger,2,5,7,7780,7787,0.09
April 30 2020,Pierce,WA,Truck,0,0,0,141097,141097,0
January 31 2023,Klickitat,WA,Truck,4,0,4,8235,8239,0.05
September 30 2017,Pierce,WA,Truck,0,0,0,137058,137058,0
April 30 2022,Island,WA,Truck,1,0,1,21431,21432,0
December 31 2023,Walla Walla,WA,Truck,10,0,10,13529,13539,0.07
November 30 2019,Pierce,WA,Truck,0,0,0,140671,140671,0
March 31 2021,Lincoln,WA,Truck,0,0,0,4732,4732,0
July 31 2021,Garfield,WA,Truck,0,0,0,1003,1003,0
March 31 2021,Whatcom,WA,Passenger,1298,576,1874,150379,152253,1.23
August 31 2019,Cowlitz,WA,Truck,0,0,0,28897,28897,0
September 30 2017,Clallam,WA,Truck,0,0,0,21086,21086,0
November 30 2017,Douglas,WA,Truck,0,0,0,11701,11701,0
November 30 2020,Grant,WA,Truck,0,0,0,27412,27412,0
April 30 2021,Adams,WA,Passenger,11,9,20,13047,13067,0.15
October 31 2017,Skamania,WA,Truck,0,0,0,3893,3893,0
August 31 2022,Walla Walla,WA,Truck,2,0,2,13911,13913,0.01
October 31 2020,Skamania,WA,Passenger,32,20,52,8326,8378,0.62
January 31 2023,Cowlitz,WA,Passenger,419,193,612,70176,70788,0.86
March 31 2021,Grant,WA,Passenger,93,87,180,66418,66598,0.27
November 30 2017,Asotin,WA,Passenger,7,5,12,12510,12522,0.1
April 30 2022,Mason,WA,Truck,0,0,0,21109,21109,0
February 28 2022,Pierce,WA,Passenger,4481,2173,6654,552021,558675,1.19
November 30 2022,Jefferson,WA,Truck,6,0,6,9378,9384,0.06
May 31 2023,Garfield,WA,Truck,0,0,0,977,977,0
June 30 2017,Garfield,WA,Truck,0,0,0,939,939,0
July 31 2021,Whatcom,WA,Passenger,1475,618,2093,150580,152673,1.37
August 31 2019,Clark,WA,Truck,0,0,0,80850,80850,0
July 31 2022,Cowlitz,WA,Passenger,349,171,520,70520,71040,0.73
November 30 2018,Yakima,WA,Passenger,78,98,176,164665,164841,0.11
June 30 2019,Whatcom,WA,Truck,2,0,2,42908,42910,0
May 31 2021,Douglas,WA,Truck,0,0,0,12660,12660,0
January 31 2021,Yakima,WA,Truck,0,0,0,61075,61075,0
December 31 2018,Chelan,WA,Passenger,140,61,201,54135,54336,0.37
January 31 2021,Skamania,WA,Passenger,34,23,57,8334,8391,0.68
September 30 2018,Chelan,WA,Passenger,117,59,176,53799,53975,0.33
October 31 2018,Island,WA,Passenger,244,217,461,63025,63486,0.73
July 31 2017,Klickitat,WA,Truck,0,0,0,7944,7944,0
January 31 2021,Franklin,WA,Truck,0,0,0,20488,20488,0
December 31 2019,Lincoln,WA,Truck,0,0,0,4681,4681,0
November 30 2021,King,WA,Passenger,34703,10085,44788,1362011,1406799,3.18
January 31 2024,Lincoln,WA,Truck,0,0,0,4672,4672,0
December 31 2020,Ferry,WA,Passenger,9,3,12,4361,4373,0.27
October 31 2017,Klickitat,WA,Truck,0,0,0,7997,7997,0
January 31 2017,Yakima,WA,Passenger,36,49,85,159923,160008,0.05
February 28 2019,Lincoln,WA,Passenger,3,5,8,7735,7743,0.1
December 31 2023,Grays Harbor,WA,Passenger,375,221,596,47623,48219,1.24
January 31 2023,Stevens,WA,Truck,2,0,2,18742,18744,0.01
October 31 2017,Asotin,WA,Truck,0,0,0,6522,6522,0
September 30 2019,Whatcom,WA,Truck,2,0,2,43026,43028,0
September 30 2019,Mason,WA,Truck,0,0,0,20432,20432,0
February 28 2019,Lewis,WA,Passenger,96,86,182,58303,58485,0.31
June 30 2018,Jefferson,WA,Passenger,144,97,241,24451,24692,0.98
October 31 2017,Clallam,WA,Passenger,96,85,181,48724,48905,0.37
June 30 2023,Douglas,WA,Passenger,208,63,271,28782,29053,0.93
August 31 2020,Island,WA,Truck,1,0,1,21208,21209,0
February 28 2017,Skamania,WA,Passenger,7,7,14,8541,8555,0.16
February 28 2019,Okanogan,WA,Passenger,19,21,40,25959,25999,0.15
January 31 2019,Pacific,WA,Passenger,22,26,48,15877,15925,0.3
March 31 2018,Benton,WA,Passenger,176,187,363,130775,131138,0.28
April 30 2022,Douglas,WA,Passenger,126,57,183,28511,28694,0.64
September 30 2023,Mason,WA,Truck,15,0,15,20564,20579,0.07
January 31 2022,Kittitas,WA,Truck,0,0,0,14770,14770,0
December 31 2023,Kitsap,WA,Passenger,3908,1505,5413,173645,179058,3.02
March 31 2017,Thurston,WA,Truck,0,0,0,53287,53287,0
November 30 2023,Walla Walla,WA,Passenger,258,126,384,35179,35563,1.08
May 31 2018,Grays Harbor,WA,Truck,0,0,0,20179,20179,0
July 31 2017,Grays Harbor,WA,Passenger,36,35,71,44844,44915,0.16
December 31 2019,Clallam,WA,Truck,1,0,1,21865,21866,0
May 31 2020,Whitman,WA,Passenger,45,48,93,22166,22259,0.42
November 30 2020,Jefferson,WA,Truck,0,0,0,9579,9579,0
January 31 2023,Clark,WA,Truck,62,0,62,81786,81848,0.08
December 31 2019,Pacific,WA,Truck,0,0,0,7719,7719,0
September 30 2023,Chelan,WA,Truck,34,0,34,23145,23179,0.15
November 30 2023,Pierce,WA,Passenger,9139,3121,12260,522249,534509,2.29
June 30 2020,Garfield,WA,Truck,0,0,0,972,972,0
September 30 2021,Kittitas,WA,Passenger,180,72,252,29861,30113,0.84
July 31 2022,Ferry,WA,Passenger,21,4,25,4377,4402,0.57
June 30 2022,Columbia,WA,Passenger,7,0,7,2444,2451,0.29
February 29 2020,Adams,WA,Passenger,7,7,14,12908,12922,0.11
November 30 2020,Whatcom,WA,Passenger,1203,534,1737,149685,151422,1.15
March 31 2023,Thurston,WA,Passenger,2828,1177,4005,190751,194756,2.06
October 31 2023,Pend Oreille,WA,Passenger,31,20,51,8791,8842,0.58
November 30 2021,Kitsap,WA,Truck,0,0,0,54220,54220,0
July 31 2018,Kitsap,WA,Passenger,809,473,1282,178818,180100,0.71
March 31 2023,Ferry,WA,Passenger,19,4,23,4341,4364,0.53
December 31 2023,Cowlitz,WA,Truck,13,0,13,27586,27599,0.05
June 30 2018,Chelan,WA,Truck,0,0,0,21871,21871,0
May 31 2022,Lincoln,WA,Passenger,8,18,26,7688,7714,0.34
June 30 2023,Island,WA,Passenger,1078,441,1519,61079,62598,2.43
January 31 2017,Pend Oreille,WA,Truck,0,0,0,5593,5593,0
October 31 2022,Spokane,WA,Truck,14,0,14,101767,101781,0.01
February 28 2019,Stevens,WA,Passenger,18,28,46,31718,31764,0.14
October 31 2020,Spokane,WA,Passenger,827,524,1351,319618,320969,0.42
December 31 2021,Pacific,WA,Truck,0,0,0,8015,8015,0
April 30 2020,Okanogan,WA,Truck,0,0,0,16377,16377,0
March 31 2023,Klickitat,WA,Passenger,133,59,192,15175,15367,1.25
July 31 2022,Skagit,WA,Truck,5,0,5,32276,32281,0.02
January 31 2021,Asotin,WA,Passenger,16,13,29,12434,12463,0.23
April 30 2023,King,WA,Passenger,53848,13758,67606,1321941,1389547,4.87
May 31 2017,Snohomish,WA,Passenger,1739,866,2605,512580,515185,0.51
June 30 2022,Adams,WA,Passenger,17,10,27,12915,12942,0.21
January 31 2019,Pacific,WA,Truck,0,0,0,7612,7612,0
October 31 2020,Cowlitz,WA,Truck,0,0,0,28891,28891,0
December 31 2020,Columbia,WA,Passenger,5,3,8,2440,2448,0.33
December 31 2020,Clark,WA,Truck,0,0,0,83473,83473,0
December 31 2022,Klickitat,WA,Passenger,123,51,174,15123,15297,1.14
May 31 2019,Benton,WA,Truck,0,0,0,41850,41850,0
August 31 2020,Spokane,WA,Truck,1,0,1,99420,99421,0
October 31 2021,Klickitat,WA,Passenger,87,51,138,15347,15485,0.89
June 30 2019,Mason,WA,Passenger,124,120,244,47173,47417,0.51
June 30 2019,Benton,WA,Truck,0,0,0,41915,41915,0
February 28 2023,Grant,WA,Passenger,242,114,356,66890,67246,0.53
February 29 2020,Okanogan,WA,Truck,0,0,0,16491,16491,0
February 28 2018,Pend Oreille,WA,Passenger,4,3,7,9420,9427,0.07
June 30 2019,Stevens,WA,Passenger,19,31,50,31676,31726,0.16
August 31 2018,Stevens,WA,Passenger,12,26,38,31682,31720,0.12
October 31 2020,Kittitas,WA,Truck,0,0,0,14630,14630,0
April 30 2021,Columbia,WA,Truck,0,0,0,1559,1559,0
May 31 2023,Mason,WA,Passenger,431,206,637,46312,46949,1.36
December 31 2017,Thurston,WA,Truck,0,0,0,53760,53760,0
February 28 2022,Yakima,WA,Passenger,301,178,479,167949,168428,0.28
February 28 2018,Yakima,WA,Passenger,61,79,140,162319,162459,0.09
December 31 2020,Wahkiakum,WA,Truck,0,0,0,1769,1769,0
September 30 2019,Adams,WA,Truck,0,0,0,5137,5137,0
August 31 2017,San Juan,WA,Truck,0,0,0,5547,5547,0
December 31 2019,Walla Walla,WA,Passenger,63,60,123,36298,36421,0.34
January 31 2023,Walla Walla,WA,Truck,3,0,3,13873,13876,0.02
August 31 2019,Snohomish,WA,Passenger,3640,1639,5279,533001,538280,0.98
November 30 2023,Lewis,WA,Passenger,383,294,677,59058,59735,1.13
February 28 2022,Skamania,WA,Passenger,59,45,104,8296,8400,1.24
June 30 2020,Klickitat,WA,Passenger,53,41,94,15169,15263,0.62
May 31 2021,Spokane,WA,Truck,0,0,0,102047,102047,0
October 31 2018,Clallam,WA,Truck,0,0,0,21568,21568,0
September 30 2018,Chelan,WA,Truck,0,0,0,22026,22026,0
November 30 2022,Whatcom,WA,Truck,21,0,21,43065,43086,0.05
February 28 2019,Adams,WA,Truck,0,0,0,5107,5107,0
November 30 2023,Whitman,WA,Passenger,190,100,290,21822,22112,1.31
November 30 2021,Mason,WA,Passenger,255,156,411,47780,48191,0.85
February 28 2021,Columbia,WA,Passenger,5,4,9,2452,2461,0.37
February 29 2020,Pierce,WA,Truck,0,0,0,141476,141476,0
April 30 2021,Douglas,WA,Passenger,88,46,134,28470,28604,0.47
December 31 2017,Whatcom,WA,Passenger,532,227,759,145170,145929,0.52
May 31 2023,Skamania,WA,Passenger,103,58,161,8067,8228,1.96
July 31 2019,Columbia,WA,Passenger,2,2,4,2455,2459,0.16
January 31 2019,Kittitas,WA,Truck,0,0,0,14242,14242,0
July 31 2017,Columbia,WA,Passenger,1,1,2,2351,2353,0.08
May 31 2018,Douglas,WA,Truck,0,0,0,11899,11899,0
October 31 2022,Whitman,WA,Passenger,103,65,168,21925,22093,0.76
September 30 2020,Skagit,WA,Passenger,447,228,675,91475,92150,0.73
October 31 2023,Jefferson,WA,Passenger,620,268,888,24107,24995,3.55
April 30 2019,Grays Harbor,WA,Passenger,70,84,154,47662,47816,0.32
April 30 2023,Jefferson,WA,Passenger,532,253,785,24254,25039,3.14
June 30 2023,Lewis,WA,Truck,7,0,7,26037,26044,0.03
July 31 2022,Yakima,WA,Truck,1,0,1,61319,61320,0
April 30 2018,Yakima,WA,Truck,0,0,0,58212,58212,0
March 31 2019,Chelan,WA,Passenger,144,67,211,54154,54365,0.39
January 31 2022,Walla Walla,WA,Passenger,146,88,234,36274,36508,0.64
November 30 2017,Spokane,WA,Truck,1,0,1,91409,91410,0
October 31 2023,Chelan,WA,Truck,35,0,35,23035,23070,0.15
May 31 2021,Walla Walla,WA,Passenger,110,72,182,36545,36727,0.5
July 31 2023,Pend Oreille,WA,Passenger,30,15,45,8864,8909,0.51
October 31 2021,Lewis,WA,Passenger,194,160,354,59610,59964,0.59
June 30 2017,Grays Harbor,WA,Truck,0,0,0,19886,19886,0
April 30 2017,Adams,WA,Truck,0,0,0,5072,5072,0
December 31 2022,Garfield,WA,Passenger,1,3,4,1307,1311,0.31
September 30 2021,Thurston,WA,Truck,0,0,0,56295,56295,0
December 31 2017,Franklin,WA,Passenger,30,50,80,56855,56935,0.14
August 31 2022,Lewis,WA,Truck,0,0,0,26311,26311,0
November 30 2019,Skamania,WA,Truck,0,0,0,4094,4094,0
June 30 2021,Pacific,WA,Truck,0,0,0,7962,7962,0
March 31 2018,Ferry,WA,Truck,0,0,0,3505,3505,0
January 31 2022,Pacific,WA,Truck,0,0,0,8021,8021,0
October 31 2021,Skamania,WA,Passenger,58,39,97,8324,8421,1.15
May 31 2023,Pacific,WA,Passenger,76,92,168,15602,15770,1.07
June 30 2020,Clark,WA,Passenger,2014,1058,3072,317604,320676,0.96
September 30 2017,Kitsap,WA,Truck,1,0,1,52601,52602,0
November 30 2019,Thurston,WA,Truck,0,0,0,55652,55652,0
October 31 2021,Franklin,WA,Passenger,144,102,246,62054,62300,0.39
March 31 2018,Stevens,WA,Truck,0,0,0,18421,18421,0
March 31 2019,Cowlitz,WA,Passenger,84,101,185,72535,72720,0.25
July 31 2018,Franklin,WA,Truck,0,0,0,18738,18738,0
March 31 2018,Clallam,WA,Truck,0,0,0,21315,21315,0
September 30 2021,King,WA,Truck,5,1,6,183838,183844,0
May 31 2023,Jefferson,WA,Truck,12,0,12,9313,9325,0.13
February 28 2018,Spokane,WA,Truck,1,0,1,91710,91711,0
June 30 2018,Skagit,WA,Truck,1,0,1,32041,32042,0
December 31 2018,Mason,WA,Truck,0,0,0,20185,20185,0
July 31 2018,Grant,WA,Truck,0,0,0,25943,25943,0
December 31 2018,Skagit,WA,Truck,1,0,1,32315,32316,0
August 31 2021,Garfield,WA,Passenger,0,3,3,1367,1370,0.22
June 30 2022,Clark,WA,Truck,7,0,7,82790,82797,0.01
March 31 2020,Walla Walla,WA,Truck,0,0,0,13645,13645,0
March 31 2018,Cowlitz,WA,Passenger,55,70,125,71224,71349,0.18
March 31 2019,Stevens,WA,Truck,0,0,0,18703,18703,0
July 31 2021,Jefferson,WA,Truck,0,0,0,9615,9615,0
October 31 2021,King,WA,Passenger,33829,9910,43739,1363081,1406820,3.11
December 31 2018,King,WA,Passenger,16277,6529,22806,1377840,1400646,1.63
September 30 2020,Clark,WA,Truck,0,0,0,82843,82843,0
April 30 2022,Asotin,WA,Passenger,24,19,43,12693,12736,0.34
March 31 2021,Benton,WA,Truck,0,0,0,43533,43533,0
September 30 2020,Kitsap,WA,Truck,0,0,0,54164,54164,0
October 31 2022,Snohomish,WA,Truck,76,0,76,122842,122918,0.06
June 30 2017,Chelan,WA,Truck,0,0,0,21302,21302,0
March 31 2022,Chelan,WA,Truck,0,0,0,23039,23039,0
April 30 2019,Garfield,WA,Passenger,1,1,2,1297,1299,0.15
October 31 2018,Spokane,WA,Truck,1,0,1,93417,93418,0
May 31 2020,Wahkiakum,WA,Truck,0,0,0,1759,1759,0
January 31 2019,San Juan,WA,Passenger,190,68,258,14248,14506,1.78
September 30 2023,Garfield,WA,Passenger,0,3,3,1298,1301,0.23
August 31 2022,Chelan,WA,Passenger,486,134,620,54141,54761,1.13
January 31 2018,Clallam,WA,Truck,0,0,0,21282,21282,0
April 30 2017,Whatcom,WA,Passenger,441,159,600,142439,143039,0.42
December 31 2023,Klickitat,WA,Passenger,180,76,256,14897,15153,1.69
July 31 2019,Douglas,WA,Passenger,60,37,97,28073,28170,0.34
March 31 2017,Columbia,WA,Passenger,0,1,1,2356,2357,0.04
October 31 2021,Skagit,WA,Passenger,648,295,943,91424,92367,1.02
February 28 2017,Skagit,WA,Passenger,113,86,199,87258,87457,0.23
July 31 2017,Whatcom,WA,Passenger,474,179,653,143163,143816,0.45
June 30 2022,Lewis,WA,Passenger,234,179,413,59723,60136,0.69
January 31 2020,Douglas,WA,Truck,0,0,0,12308,12308,0
February 28 2018,Skamania,WA,Truck,0,0,0,3921,3921,0
February 28 2018,Spokane,WA,Passenger,306,263,569,300485,301054,0.19
June 30 2021,Wahkiakum,WA,Truck,0,0,0,1796,1796,0
March 31 2023,Kittitas,WA,Truck,7,0,7,14564,14571,0.05
October 31 2021,Kittitas,WA,Passenger,193,72,265,29839,30104,0.88
October 31 2020,Franklin,WA,Truck,0,0,0,20368,20368,0
September 30 2017,Kitsap,WA,Passenger,653,346,999,174288,175287,0.57
February 28 2023,Ferry,WA,Passenger,21,4,25,4347,4372,0.57
October 31 2019,Grant,WA,Passenger,55,64,119,65367,65486,0.18
December 31 2023,Lincoln,WA,Passenger,22,24,46,7515,7561,0.61
January 31 2022,Pacific,WA,Passenger,55,63,118,16045,16163,0.73
September 30 2017,Clark,WA,Passenger,810,542,1352,301377,302729,0.45
November 30 2019,Skamania,WA,Passenger,26,19,45,8782,8827,0.51
October 31 2017,Franklin,WA,Truck,0,0,0,18321,18321,0
January 31 2021,Mason,WA,Truck,0,0,0,21013,21013,0
September 30 2023,Skamania,WA,Passenger,119,54,173,8012,8185,2.11
August 31 2018,Columbia,WA,Passenger,2,2,4,2415,2419,0.17
January 31 2020,Grays Harbor,WA,Truck,0,0,0,20824,20824,0
May 31 2019,Lincoln,WA,Passenger,3,8,11,7772,7783,0.14
November 30 2021,Kittitas,WA,Truck,0,0,0,14806,14806,0
April 30 2023,Walla Walla,WA,Passenger,213,114,327,35445,35772,0.91
August 31 2017,San Juan,WA,Passenger,113,39,152,13642,13794,1.1
March 31 2017,Okanogan,WA,Truck,0,0,0,16304,16304,0
August 31 2021,Grays Harbor,WA,Passenger,177,147,324,49483,49807,0.65
August 31 2017,Snohomish,WA,Truck,1,0,1,121668,121669,0
March 31 2017,Stevens,WA,Passenger,6,20,26,31277,31303,0.08
April 30 2017,Columbia,WA,Truck,0,0,0,1537,1537,0
April 30 2021,King,WA,Truck,6,1,7,184886,184893,0
December 31 2018,Mason,WA,Passenger,107,108,215,46451,46666,0.46
July 31 2021,Snohomish,WA,Passenger,6121,2098,8219,539573,547792,1.5
September 30 2020,Pacific,WA,Passenger,32,34,66,15709,15775,0.42
August 31 2022,Snohomish,WA,Passenger,8920,2592,11512,530791,542303,2.12
December 31 2018,Walla Walla,WA,Passenger,41,52,93,36096,36189,0.26
December 31 2022,Skamania,WA,Passenger,89,52,141,8106,8247,1.71
August 31 2018,Lincoln,WA,Truck,0,0,0,4571,4571,0
December 31 2017,Whitman,WA,Truck,0,0,0,8453,8453,0
January 31 2019,Garfield,WA,Truck,0,0,0,961,961,0
March 31 2020,Spokane,WA,Truck,1,0,1,97435,97436,0
January 31 2017,Jefferson,WA,Passenger,87,53,140,23606,23746,0.59
April 30 2023,Skamania,WA,Truck,1,0,1,3852,3853,0.03
June 30 2019,King,WA,Passenger,19078,7012,26090,1388804,1414894,1.84
January 31 2017,Mason,WA,Passenger,48,58,106,42803,42909,0.25
October 31 2021,Skamania,WA,Truck,0,0,0,4014,4014,0
September 30 2022,Pierce,WA,Passenger,5527,2425,7952,541077,549029,1.45
April 30 2021,Kittitas,WA,Passenger,153,58,211,29977,30188,0.7
December 31 2017,Clark,WA,Truck,0,0,0,78377,78377,0
September 30 2023,Chelan,WA,Passenger,688,184,872,54063,54935,1.59
January 31 2019,Clallam,WA,Passenger,152,128,280,50406,50686,0.55
September 30 2022,Island,WA,Truck,10,0,10,21251,21261,0.05
January 31 2017,Lincoln,WA,Passenger,2,4,6,7543,7549,0.08
October 31 2020,Adams,WA,Passenger,8,7,15,12931,12946,0.12
January 31 2019,Skagit,WA,Truck,1,0,1,32314,32315,0
February 28 2018,Thurston,WA,Passenger,492,414,906,190704,191610,0.47
November 30 2021,Kitsap,WA,Passenger,2080,939,3019,180272,183291,1.65
February 28 2018,Skagit,WA,Passenger,172,145,317,89750,90067,0.35
February 28 2018,Franklin,WA,Passenger,32,51,83,57002,57085,0.15
December 31 2021,Franklin,WA,Passenger,162,104,266,62276,62542,0.43
June 30 2022,Garfield,WA,Truck,0,0,0,982,982,0
November 30 2019,Benton,WA,Truck,0,0,0,42417,42417,0
August 31 2021,Klickitat,WA,Truck,0,0,0,8323,8323,0
December 31 2020,Mason,WA,Truck,0,0,0,20937,20937,0
June 30 2023,Spokane,WA,Passenger,2309,1098,3407,322776,326183,1.04
May 31 2020,Island,WA,Passenger,409,271,680,62744,63424,1.07
July 31 2019,Skamania,WA,Truck,0,0,0,4062,4062,0
February 29 2024,Jefferson,WA,Truck,20,0,20,8955,8975,0.22
August 31 2022,Chelan,WA,Truck,5,0,5,23049,23054,0.02
June 30 2022,Douglas,WA,Passenger,131,58,189,28481,28670,0.66
August 31 2019,Okanogan,WA,Passenger,25,26,51,26184,26235,0.19
June 30 2023,Thurston,WA,Truck,60,0,60,53987,54047,0.11
January 31 2021,Chelan,WA,Passenger,294,87,381,54474,54855,0.69
October 31 2022,Okanogan,WA,Passenger,96,49,145,26256,26401,0.55
January 31 2022,Jefferson,WA,Passenger,384,197,581,24674,25255,2.3
October 31 2021,Pacific,WA,Truck,0,0,0,7987,7987,0
February 28 2023,Yakima,WA,Truck,9,0,9,61160,61169,0.01
January 31 2022,Pend Oreille,WA,Truck,0,0,0,5726,5726,0
October 31 2021,San Juan,WA,Passenger,469,146,615,14183,14798,4.16
December 31 2020,Thurston,WA,Passenger,1321,779,2100,197224,199324,1.05
June 30 2017,Jefferson,WA,Passenger,104,61,165,23850,24015,0.69
May 31 2017,Mason,WA,Truck,0,0,0,19259,19259,0
January 31 2020,Jefferson,WA,Truck,0,0,0,9658,9658,0
April 30 2017,Island,WA,Passenger,108,129,237,59762,59999,0.4
October 31 2020,Benton,WA,Passenger,402,339,741,134642,135383,0.55
October 31 2020,Jefferson,WA,Passenger,260,151,411,24715,25126,1.64
June 30 2018,Whitman,WA,Truck,0,0,0,8496,8496,0
May 31 2023,Pacific,WA,Truck,3,0,3,7852,7855,0.04
January 31 2017,Kitsap,WA,Truck,1,0,1,52377,52378,0
April 30 2022,Pierce,WA,Truck,3,0,3,142881,142884,0
September 30 2021,Pierce,WA,Truck,0,0,0,145349,145349,0
April 30 2018,King,WA,Truck,7,1,8,183319,183327,0
September 30 2020,Whatcom,WA,Truck,3,0,3,43382,43385,0.01
October 31 2021,Yakima,WA,Truck,0,0,0,61661,61661,0
February 29 2024,Wahkiakum,WA,Passenger,34,22,56,2968,3024,1.85
January 31 2019,Ferry,WA,Truck,0,0,0,3590,3590,0
May 31 2018,Thurston,WA,Truck,0,0,0,54200,54200,0
August 31 2018,Whatcom,WA,Passenger,653,321,974,148235,149209,0.65
October 31 2019,Douglas,WA,Passenger,63,38,101,28267,28368,0.36
August 31 2020,Klickitat,WA,Truck,0,0,0,8103,8103,0
December 31 2017,Wahkiakum,WA,Passenger,0,2,2,2860,2862,0.07
March 31 2019,Douglas,WA,Truck,0,0,0,12155,12155,0
May 31 2021,Skagit,WA,Truck,1,0,1,33041,33042,0
December 31 2022,Douglas,WA,Truck,3,0,3,12816,12819,0.02
September 30 2022,Clallam,WA,Passenger,442,249,691,49458,50149,1.38
September 30 2018,Pacific,WA,Truck,0,0,0,7630,7630,0
April 30 2018,Yakima,WA,Passenger,62,84,146,163226,163372,0.09
May 31 2020,Kittitas,WA,Passenger,102,48,150,29774,29924,0.5
September 30 2022,Pacific,WA,Passenger,70,74,144,15753,15897,0.91
October 31 2022,Grant,WA,Truck,2,0,2,27995,27997,0.01
August 31 2019,Ferry,WA,Truck,0,0,0,3580,3580,0
May 31 2020,Pierce,WA,Passenger,2351,1674,4025,547339,551364,0.73
September 30 2019,Benton,WA,Passenger,290,297,587,134589,135176,0.43
June 30 2018,Ferry,WA,Passenger,3,3,6,4424,4430,0.14
January 31 2023,King,WA,Passenger,49815,12503,62318,1332528,1394846,4.47
March 31 2021,Chelan,WA,Truck,0,0,0,22975,22975,0
June 30 2023,Skagit,WA,Truck,21,0,21,31879,31900,0.07
September 30 2020,Yakima,WA,Passenger,155,124,279,166459,166738,0.17
June 30 2022,Mason,WA,Passenger,310,175,485,47310,47795,1.01
December 31 2019,Thurston,WA,Passenger,1052,700,1752,199115,200867,0.87
June 30 2017,Kittitas,WA,Truck,0,0,0,13561,13561,0
January 31 2023,Whitman,WA,Passenger,120,70,190,21974,22164,0.86
September 30 2020,Cowlitz,WA,Passenger,157,120,277,72152,72429,0.38
December 31 2021,Benton,WA,Truck,0,0,0,43699,43699,0
April 30 2022,Whitman,WA,Truck,0,0,0,8587,8587,0
February 28 2019,Island,WA,Passenger,294,232,526,63158,63684,0.83
December 31 2022,Yakima,WA,Passenger,425,218,643,166317,166960,0.39
October 31 2022,Pacific,WA,Truck,1,0,1,7864,7865,0.01
June 30 2018,Cowlitz,WA,Truck,0,0,0,28456,28456,0
February 29 2020,Walla Walla,WA,Passenger,68,62,130,36307,36437,0.36
November 30 2021,Island,WA,Truck,0,0,0,21510,21510,0
January 31 2022,Asotin,WA,Passenger,23,17,40,12658,12698,0.32
December 31 2020,Douglas,WA,Passenger,86,44,130,28189,28319,0.46
February 29 2024,Thurston,WA,Truck,104,0,104,51354,51458,0.2
May 31 2020,Snohomish,WA,Truck,0,0,0,123351,123351,0
May 31 2021,Columbia,WA,Passenger,6,3,9,2475,2484,0.36
December 31 2019,Klickitat,WA,Passenger,46,38,84,15672,15756,0.53
May 31 2019,San Juan,WA,Passenger,207,71,278,14352,14630,1.9
August 31 2022,Garfield,WA,Passenger,1,3,4,1316,1320,0.3
April 30 2021,Grays Harbor,WA,Truck,0,0,0,21411,21411,0
December 31 2020,Stevens,WA,Truck,0,0,0,18712,18712,0
July 31 2017,Yakima,WA,Truck,0,0,0,57466,57466,0
January 31 2022,Chelan,WA,Truck,0,0,0,23057,23057,0
March 31 2023,Thurston,WA,Truck,52,0,52,54294,54346,0.1
September 30 2021,Asotin,WA,Truck,0,0,0,6752,6752,0
September 30 2018,Pend Oreille,WA,Truck,0,0,0,5744,5744,0
June 30 2021,Stevens,WA,Passenger,45,45,90,30458,30548,0.29
May 31 2020,Spokane,WA,Truck,1,0,1,97664,97665,0
September 30 2017,Ferry,WA,Truck,0,0,0,3540,3540,0
February 28 2019,Garfield,WA,Truck,0,0,0,960,960,0
December 31 2017,Yakima,WA,Passenger,59,75,134,162060,162194,0.08
June 30 2022,Lincoln,WA,Passenger,8,18,26,7703,7729,0.34
October 31 2017,Whatcom,WA,Truck,2,0,2,41877,41879,0
August 31 2021,Whatcom,WA,Truck,4,0,4,43845,43849,0.01
January 31 2018,King,WA,Passenger,11615,4877,16492,1370544,1387036,1.19
November 30 2020,Whitman,WA,Passenger,51,44,95,21951,22046,0.43
March 31 2020,Benton,WA,Truck,0,0,0,42519,42519,0
January 31 2020,Stevens,WA,Truck,0,0,0,18788,18788,0
February 28 2017,Kittitas,WA,Truck,0,0,0,13384,13384,0
May 31 2021,Lincoln,WA,Passenger,5,13,18,7731,7749,0.23
July 31 2018,Chelan,WA,Truck,0,0,0,21949,21949,0
February 28 2017,King,WA,Truck,8,1,9,190480,190489,0
May 31 2019,Mason,WA,Passenger,121,118,239,46999,47238,0.51
November 30 2020,King,WA,Truck,6,1,7,184138,184145,0
October 31 2017,Douglas,WA,Truck,0,0,0,11657,11657,0
November 30 2022,Yakima,WA,Truck,6,0,6,61214,61220,0.01
April 30 2019,Grant,WA,Passenger,35,60,95,64375,64470,0.15
December 31 2022,Okanogan,WA,Truck,2,0,2,16431,16433,0.01
June 30 2020,Mason,WA,Truck,0,0,0,20597,20597,0
May 31 2022,Kittitas,WA,Truck,1,0,1,14674,14675,0.01
November 30 2019,Stevens,WA,Passenger,31,30,61,31590,31651,0.19
January 31 2020,Clallam,WA,Truck,1,0,1,21849,21850,0
September 30 2023,Kitsap,WA,Passenger,3611,1408,5019,175206,180225,2.78
September 30 2021,Franklin,WA,Passenger,138,100,238,62103,62341,0.38
February 28 2018,Whatcom,WA,Truck,1,0,1,42042,42043,0
March 31 2019,Clallam,WA,Truck,0,0,0,21615,21615,0
December 31 2020,Cowlitz,WA,Passenger,177,127,304,72106,72410,0.42
June 30 2020,Yakima,WA,Truck,0,0,0,59887,59887,0
February 29 2020,Clark,WA,Passenger,1970,1059,3029,320476,323505,0.94
February 28 2022,Clark,WA,Passenger,3627,1598,5225,318918,324143,1.61
May 31 2017,Franklin,WA,Passenger,28,44,72,55453,55525,0.13
March 31 2018,Pend Oreille,WA,Passenger,4,3,7,9457,9464,0.07
April 30 2017,Benton,WA,Passenger,143,140,283,128074,128357,0.22
June 30 2022,Grays Harbor,WA,Truck,1,0,1,21313,21314,0
June 30 2021,Kittitas,WA,Passenger,160,67,227,29981,30208,0.75
May 31 2017,Grant,WA,Truck,0,0,0,25221,25221,0
May 31 2017,Lewis,WA,Passenger,49,35,84,55368,55452,0.15
November 30 2023,Douglas,WA,Passenger,243,80,323,28630,28953,1.12
November 30 2022,San Juan,WA,Truck,7,0,7,5935,5942,0.12
March 31 2021,Lewis,WA,Passenger,130,136,266,59282,59548,0.45
March 31 2021,Jefferson,WA,Truck,0,0,0,9587,9587,0
May 31 2020,Skamania,WA,Truck,0,0,0,4027,4027,0
July 31 2022,Stevens,WA,Truck,1,0,1,18887,18888,0.01
April 30 2018,Cowlitz,WA,Truck,0,0,0,28289,28289,0
June 30 2017,Columbia,WA,Passenger,1,1,2,2354,2356,0.08
July 31 2023,Whatcom,WA,Truck,63,0,63,42696,42759,0.15
May 31 2021,Pend Oreille,WA,Truck,0,0,0,5745,5745,0
June 30 2023,Wahkiakum,WA,Truck,2,0,2,1780,1782,0.11
March 31 2019,Kitsap,WA,Passenger,996,569,1565,179879,181444,0.86
April 30 2023,Whatcom,WA,Truck,52,0,52,42833,42885,0.12
September 30 2019,Klickitat,WA,Truck,0,0,0,8296,8296,0
June 30 2019,Grays Harbor,WA,Truck,0,0,0,20454,20454,0
August 31 2017,Wahkiakum,WA,Truck,0,0,0,1655,1655,0
January 31 2018,Snohomish,WA,Passenger,2073,1093,3166,518008,521174,0.61
May 31 2018,Okanogan,WA,Passenger,8,19,27,25874,25901,0.1
May 31 2018,Whitman,WA,Passenger,19,27,46,22575,22621,0.2
April 30 2018,Pacific,WA,Passenger,14,19,33,15482,15515,0.21
January 31 2021,Grays Harbor,WA,Truck,0,0,0,21238,21238,0
December 31 2017,Skagit,WA,Passenger,167,138,305,89553,89858,0.34
July 31 2022,Franklin,WA,Truck,1,0,1,20857,20858,0
August 31 2022,Ferry,WA,Passenger,20,4,24,4398,4422,0.54
April 30 2020,Klickitat,WA,Truck,0,0,0,8191,8191,0
July 31 2022,Clark,WA,Passenger,4226,1806,6032,315304,321336,1.88
July 31 2018,Okanogan,WA,Truck,0,0,0,16425,16425,0
December 31 2021,Clark,WA,Passenger,3474,1560,5034,320138,325172,1.55
May 31 2017,Douglas,WA,Truck,0,0,0,11483,11483,0
December 31 2018,Adams,WA,Truck,0,0,0,5147,5147,0
November 30 2018,Kittitas,WA,Passenger,62,34,96,29285,29381,0.33
March 31 2020,Adams,WA,Passenger,7,7,14,12886,12900,0.11
July 31 2021,Pierce,WA,Truck,0,0,0,145761,145761,0
August 31 2018,Grant,WA,Truck,0,0,0,26007,26007,0
December 31 2018,Garfield,WA,Truck,0,0,0,964,964,0
August 31 2017,Kitsap,WA,Passenger,637,336,973,173810,174783,0.56
May 31 2018,Skagit,WA,Passenger,198,163,361,90250,90611,0.4
February 29 2024,Skamania,WA,Passenger,135,54,189,7630,7819,2.42
November 30 2020,Pend Oreille,WA,Truck,0,0,0,5717,5717,0
January 31 2019,Stevens,WA,Truck,0,0,0,18763,18763,0
December 31 2020,Benton,WA,Truck,0,0,0,43203,43203,0
June 30 2020,Pacific,WA,Passenger,33,33,66,15749,15815,0.42
October 31 2017,Grays Harbor,WA,Truck,0,0,0,20004,20004,0
September 30 2020,San Juan,WA,Passenger,331,100,431,13901,14332,3.01
July 31 2023,Chelan,WA,Truck,31,0,31,23175,23206,0.13
June 30 2018,Clallam,WA,Truck,0,0,0,21443,21443,0
January 31 2024,Whatcom,WA,Truck,87,0,87,41564,41651,0.21
January 31 2021,Clark,WA,Truck,0,0,0,83538,83538,0
March 31 2017,Klickitat,WA,Truck,0,0,0,7933,7933,0
December 31 2018,Skamania,WA,Passenger,16,13,29,8728,8757,0.33
August 31 2017,Walla Walla,WA,Truck,0,0,0,13189,13189,0
May 31 2020,Whatcom,WA,Truck,3,0,3,42843,42846,0.01
November 30 2023,Jefferson,WA,Passenger,636,272,908,24061,24969,3.64
September 30 2023,Lewis,WA,Passenger,363,276,639,59205,59844,1.07
March 31 2018,Clark,WA,Truck,0,0,0,78620,78620,0
September 30 2018,Mason,WA,Passenger,94,98,192,46175,46367,0.41
May 31 2023,Whitman,WA,Truck,4,0,4,8598,8602,0.05
March 31 2018,Okanogan,WA,Truck,0,0,0,16334,16334,0
October 31 2021,Stevens,WA,Truck,0,0,0,18879,18879,0
May 31 2017,Wahkiakum,WA,Passenger,0,2,2,2837,2839,0.07
February 28 2017,Mason,WA,Truck,0,0,0,19191,19191,0
May 31 2021,Lewis,WA,Passenger,157,137,294,59795,60089,0.49
January 31 2017,Grant,WA,Truck,0,0,0,25039,25039,0
May 31 2018,Kittitas,WA,Truck,0,0,0,14028,14028,0
August 31 2023,Lincoln,WA,Passenger,21,21,42,7623,7665,0.55
September 30 2022,Whatcom,WA,Truck,14,0,14,43078,43092,0.03
May 31 2023,Clallam,WA,Passenger,536,282,818,49023,49841,1.64
February 29 2024,Yakima,WA,Truck,18,0,18,58038,58056,0.03
May 31 2020,San Juan,WA,Truck,0,0,0,5857,5857,0
July 31 2019,Stevens,WA,Truck,0,0,0,18698,18698,0
December 31 2017,Walla Walla,WA,Passenger,29,32,61,35287,35348,0.17
February 28 2019,Snohomish,WA,Truck,1,0,1,121868,121869,0
August 31 2018,Chelan,WA,Passenger,114,55,169,53718,53887,0.31
September 30 2019,Snohomish,WA,Passenger,3739,1660,5399,533828,539227,1
March 31 2018,Garfield,WA,Truck,0,0,0,951,951,0
November 30 2018,Skagit,WA,Passenger,249,184,433,91181,91614,0.47
June 30 2018,Chelan,WA,Passenger,110,53,163,53550,53713,0.3
January 31 2021,Whatcom,WA,Truck,3,0,3,43593,43596,0.01
February 29 2024,Whatcom,WA,Passenger,3016,1065,4081,141919,146000,2.8
September 30 2020,King,WA,Passenger,25384,7893,33277,1371018,1404295,2.37
December 31 2020,Spokane,WA,Truck,0,0,0,100679,100679,0
September 30 2017,Jefferson,WA,Truck,0,0,0,9416,9416,0
October 31 2019,Whatcom,WA,Passenger,949,470,1419,151438,152857,0.93
June 30 2018,Snohomish,WA,Passenger,2349,1261,3610,521446,525056,0.69
October 31 2022,Klickitat,WA,Passenger,114,51,165,15081,15246,1.08
February 28 2022,Pend Oreille,WA,Passenger,17,9,26,9067,9093,0.29
February 29 2024,Clark,WA,Truck,166,0,166,77688,77854,0.21
February 28 2017,Jefferson,WA,Truck,0,0,0,9470,9470,0
November 30 2017,Skagit,WA,Truck,1,0,1,31682,31683,0
October 31 2023,Asotin,WA,Truck,0,0,0,6602,6602,0
February 28 2018,Wahkiakum,WA,Truck,0,0,0,1673,1673,0
January 31 2023,Island,WA,Passenger,954,401,1355,61345,62700,2.16
February 28 2019,Whatcom,WA,Passenger,785,379,1164,149607,150771,0.77
July 31 2018,Stevens,WA,Passenger,11,25,36,31645,31681,0.11
August 31 2019,Franklin,WA,Truck,0,0,0,19489,19489,0
May 31 2017,Ferry,WA,Passenger,1,1,2,4411,4413,0.05
February 28 2021,Clark,WA,Passenger,2505,1245,3750,318833,322583,1.16
July 31 2018,Garfield,WA,Passenger,1,1,2,1320,1322,0.15
March 31 2019,Lewis,WA,Truck,0,0,0,25754,25754,0
February 28 2018,Okanogan,WA,Passenger,7,19,26,25654,25680,0.1
August 31 2017,Grant,WA,Passenger,19,32,51,61190,61241,0.08
March 31 2022,Whatcom,WA,Passenger,1735,695,2430,149121,151551,1.6
November 30 2022,Kittitas,WA,Truck,5,0,5,14574,14579,0.03
May 31 2021,Grant,WA,Truck,0,0,0,27866,27866,0
September 30 2019,Douglas,WA,Truck,0,0,0,12270,12270,0
October 31 2023,Kitsap,WA,Truck,91,0,91,51720,51811,0.18
August 31 2017,Ferry,WA,Passenger,1,1,2,4397,4399,0.05
August 31 2023,Clallam,WA,Passenger,600,300,900,48958,49858,1.81
November 30 2022,Chelan,WA,Truck,11,0,11,23121,23132,0.05
November 30 2023,Kitsap,WA,Passenger,3812,1464,5276,174279,179555,2.94
February 29 2024,Spokane,WA,Passenger,3002,1450,4452,310474,314926,1.41
September 30 2023,San Juan,WA,Passenger,653,184,837,13723,14560,5.75
November 30 2019,Wahkiakum,WA,Passenger,4,3,7,3038,3045,0.23
September 30 2023,Grant,WA,Truck,12,0,12,28001,28013,0.04
May 31 2017,Pend Oreille,WA,Passenger,2,4,6,9312,9318,0.06
November 30 2023,Franklin,WA,Truck,9,0,9,20714,20723,0.04
May 31 2023,Spokane,WA,Truck,38,0,38,101779,101817,0.04
April 30 2023,Mason,WA,Passenger,417,204,621,46352,46973,1.32
July 31 2022,Cowlitz,WA,Truck,2,0,2,28465,28467,0.01
February 28 2018,Island,WA,Truck,0,0,0,20819,20819,0
April 30 2021,Pierce,WA,Truck,0,0,0,145883,145883,0
August 31 2021,Lincoln,WA,Truck,0,0,0,4772,4772,0
June 30 2021,Skagit,WA,Passenger,589,274,863,91926,92789,0.93
May 31 2022,Whitman,WA,Passenger,84,58,142,22000,22142,0.64
August 31 2023,Jefferson,WA,Truck,12,0,12,9317,9329,0.13
November 30 2017,Grant,WA,Passenger,24,33,57,61887,61944,0.09
November 30 2021,Lincoln,WA,Truck,0,0,0,4809,4809,0
August 31 2019,Clallam,WA,Truck,1,0,1,21818,21819,0
September 30 2020,Benton,WA,Truck,0,0,0,43086,43086,0
February 28 2022,Kittitas,WA,Passenger,218,73,291,29772,30063,0.97
January 31 2019,Pierce,WA,Passenger,1581,1423,3004,539632,542636,0.55
May 31 2017,Kittitas,WA,Passenger,23,17,40,27355,27395,0.15
May 31 2019,Kitsap,WA,Truck,1,0,1,54008,54009,0
September 30 2022,Spokane,WA,Truck,12,0,12,101830,101842,0.01
June 30 2021,King,WA,Truck,6,1,7,184580,184587,0
December 31 2018,Snohomish,WA,Passenger,2914,1437,4351,527158,531509,0.82
February 28 2017,Klickitat,WA,Truck,0,0,0,7930,7930,0
January 31 2019,Whitman,WA,Passenger,24,40,64,22840,22904,0.28
January 31 2017,Chelan,WA,Truck,0,0,0,21259,21259,0
January 31 2019,Pend Oreille,WA,Truck,0,0,0,5743,5743,0
May 31 2020,San Juan,WA,Passenger,298,91,389,14055,14444,2.69
January 31 2024,Asotin,WA,Truck,0,0,0,6474,6474,0
June 30 2021,Pend Oreille,WA,Truck,0,0,0,5745,5745,0
January 31 2017,Jefferson,WA,Truck,0,0,0,9469,9469,0
September 30 2023,Thurston,WA,Passenger,3461,1306,4767,189501,194268,2.45
October 31 2018,Lincoln,WA,Passenger,2,6,8,7740,7748,0.1
February 28 2017,Lincoln,WA,Truck,0,0,0,4464,4464,0
April 30 2022,Asotin,WA,Truck,0,0,0,6745,6745,0
August 31 2021,Grays Harbor,WA,Truck,0,0,0,21391,21391,0
February 28 2018,Snohomish,WA,Truck,1,0,1,121336,121337,0
June 30 2021,Wahkiakum,WA,Passenger,15,8,23,3108,3131,0.73
September 30 2017,Pend Oreille,WA,Truck,0,0,0,5552,5552,0
August 31 2022,Spokane,WA,Truck,10,0,10,101902,101912,0.01
July 31 2023,Stevens,WA,Passenger,117,69,186,29629,29815,0.62
August 31 2018,Columbia,WA,Truck,0,0,0,1535,1535,0
July 31 2022,Skagit,WA,Passenger,812,345,1157,89764,90921,1.27
October 31 2021,Walla Walla,WA,Truck,0,0,0,14048,14048,0
July 31 2022,Pend Oreille,WA,Truck,0,0,0,5645,5645,0
September 30 2017,Kittitas,WA,Truck,0,0,0,13658,13658,0
June 30 2020,Kittitas,WA,Truck,0,0,0,14591,14591,0
October 31 2023,Kittitas,WA,Passenger,428,113,541,29181,29722,1.82
October 31 2020,Jefferson,WA,Truck,0,0,0,9572,9572,0
January 31 2020,Jefferson,WA,Passenger,224,139,363,25206,25569,1.42
July 31 2021,Grays Harbor,WA,Passenger,176,146,322,49500,49822,0.65
January 31 2019,Skagit,WA,Passenger,270,186,456,91352,91808,0.5
March 31 2020,Columbia,WA,Passenger,3,3,6,2417,2423,0.25
October 31 2018,Lewis,WA,Passenger,88,72,160,58039,58199,0.27
July 31 2018,Spokane,WA,Passenger,347,320,667,303966,304633,0.22
November 30 2022,Clallam,WA,Truck,8,0,8,21870,21878,0.04
August 31 2022,Snohomish,WA,Truck,45,0,45,123145,123190,0.04
June 30 2018,San Juan,WA,Truck,0,0,0,5710,5710,0
February 28 2019,Mason,WA,Truck,0,0,0,20221,20221,0
October 31 2019,Columbia,WA,Truck,0,0,0,1533,1533,0
July 31 2021,Ferry,WA,Truck,0,0,0,3647,3647,0
October 31 2018,Clark,WA,Truck,0,0,0,79569,79569,0
October 31 2019,Klickitat,WA,Truck,0,0,0,8309,8309,0
July 31 2018,Columbia,WA,Passenger,2,2,4,2419,2423,0.17
October 31 2020,Pend Oreille,WA,Truck,0,0,0,5716,5716,0
September 30 2019,Wahkiakum,WA,Truck,0,0,0,1760,1760,0
August 31 2019,Grays Harbor,WA,Passenger,88,85,173,48109,48282,0.36
July 31 2018,Clark,WA,Truck,0,0,0,79231,79231,0
October 31 2018,King,WA,Passenger,15031,6220,21251,1376014,1397265,1.52
April 30 2020,Adams,WA,Passenger,7,7,14,12751,12765,0.11
February 28 2023,Columbia,WA,Passenger,8,1,9,2420,2429,0.37
January 31 2023,Asotin,WA,Truck,0,0,0,6671,6671,0
June 30 2023,Ferry,WA,Passenger,21,4,25,4332,4357,0.57
March 31 2021,Pacific,WA,Truck,0,0,0,7876,7876,0
August 31 2017,Ferry,WA,Truck,0,0,0,3534,3534,0
August 31 2023,King,WA,Passenger,62468,15387,77855,1321641,1399496,5.56
November 30 2022,Wahkiakum,WA,Passenger,25,13,38,3040,3078,1.23
January 31 2020,Snohomish,WA,Truck,0,0,0,123629,123629,0
April 30 2017,Clark,WA,Passenger,755,471,1226,298453,299679,0.41
June 30 2017,Grays Harbor,WA,Passenger,35,31,66,44773,44839,0.15
August 31 2021,Snohomish,WA,Passenger,6304,2135,8439,539216,547655,1.54
July 31 2023,Yakima,WA,Passenger,516,261,777,166087,166864,0.47
December 31 2018,Asotin,WA,Passenger,12,9,21,12721,12742,0.16
January 31 2024,Walla Walla,WA,Passenger,270,139,409,34813,35222,1.16
June 30 2021,Pacific,WA,Passenger,45,53,98,16045,16143,0.61
December 31 2023,Skamania,WA,Truck,2,0,2,3745,3747,0.05
April 30 2017,Adams,WA,Passenger,2,3,5,12127,12132,0.04
May 31 2017,Chelan,WA,Truck,0,0,0,21247,21247,0
September 30 2020,Grant,WA,Truck,0,0,0,27295,27295,0
December 31 2022,Ferry,WA,Passenger,24,4,28,4342,4370,0.64
February 28 2018,Garfield,WA,Truck,0,0,0,941,941,0
June 30 2021,King,WA,Passenger,30488,9165,39653,1367774,1407427,2.82
June 30 2022,Whitman,WA,Truck,1,0,1,8571,8572,0.01
July 31 2017,Franklin,WA,Passenger,26,47,73,55728,55801,0.13
October 31 2018,Columbia,WA,Passenger,2,2,4,2433,2437,0.16
March 31 2018,Cowlitz,WA,Truck,0,0,0,28268,28268,0
August 31 2017,Asotin,WA,Truck,0,0,0,6514,6514,0
December 31 2019,Columbia,WA,Passenger,3,3,6,2450,2456,0.24
May 31 2021,Clallam,WA,Truck,1,0,1,21997,21998,0
July 31 2023,Stevens,WA,Truck,2,0,2,18717,18719,0.01
January 31 2022,King,WA,Passenger,36341,10398,46739,1355430,1402169,3.33
September 30 2023,Thurston,WA,Truck,70,0,70,53651,53721,0.13
June 30 2017,Island,WA,Passenger,117,137,254,60104,60358,0.42
October 31 2018,Stevens,WA,Passenger,14,28,42,31798,31840,0.13
August 31 2019,Jefferson,WA,Passenger,205,122,327,25070,25397,1.29
October 31 2019,Klickitat,WA,Passenger,43,37,80,15664,15744,0.51
March 31 2019,Okanogan,WA,Truck,0,0,0,16438,16438,0
July 31 2017,Grant,WA,Truck,0,0,0,25270,25270,0
September 30 2023,Stevens,WA,Truck,2,0,2,18663,18665,0.01
June 30 2023,Whitman,WA,Truck,4,0,4,8611,8615,0.05
October 31 2020,San Juan,WA,Truck,0,0,0,5860,5860,0
June 30 2023,Garfield,WA,Truck,0,0,0,974,974,0
December 31 2020,Grant,WA,Passenger,80,81,161,65904,66065,0.24
October 31 2018,Garfield,WA,Passenger,1,1,2,1330,1332,0.15
April 30 2022,Okanogan,WA,Passenger,79,48,127,26453,26580,0.48
July 31 2018,Whatcom,WA,Truck,2,0,2,42315,42317,0
October 31 2019,Cowlitz,WA,Truck,0,0,0,29018,29018,0
August 31 2019,Grays Harbor,WA,Truck,0,0,0,20568,20568,0
June 30 2018,Spokane,WA,Passenger,340,316,656,303084,303740,0.22
March 31 2018,Kittitas,WA,Truck,0,0,0,13986,13986,0
May 31 2017,Mason,WA,Passenger,51,64,115,43291,43406,0.26
September 30 2021,Lincoln,WA,Passenger,7,16,23,7679,7702,0.3
July 31 2020,Kittitas,WA,Truck,0,0,0,14564,14564,0
June 30 2023,Adams,WA,Truck,3,0,3,5348,5351,0.06
July 31 2017,Whitman,WA,Passenger,12,19,31,22104,22135,0.14
April 30 2019,Island,WA,Truck,0,0,0,21238,21238,0
October 31 2018,Whitman,WA,Passenger,19,33,52,22737,22789,0.23
July 31 2023,Ferry,WA,Passenger,21,4,25,4314,4339,0.58
August 31 2017,Lincoln,WA,Truck,0,0,0,4457,4457,0
February 28 2017,Lincoln,WA,Passenger,2,4,6,7509,7515,0.08
May 31 2017,Thurston,WA,Truck,0,0,0,53233,53233,0
November 30 2019,Asotin,WA,Truck,0,0,0,6696,6696,0
September 30 2019,Grays Harbor,WA,Passenger,89,89,178,48089,48267,0.37
August 31 2022,Wahkiakum,WA,Truck,1,0,1,1800,1801,0.06
February 28 2023,Thurston,WA,Truck,49,0,49,54491,54540,0.09
July 31 2019,Snohomish,WA,Truck,0,0,0,122611,122611,0
February 29 2024,Snohomish,WA,Passenger,16829,3679,20508,509117,529625,3.87
January 31 2019,Okanogan,WA,Passenger,18,21,39,26047,26086,0.15
May 31 2021,Spokane,WA,Passenger,1029,624,1653,325395,327048,0.51
August 31 2023,Walla Walla,WA,Passenger,234,117,351,35404,35755,0.98
March 31 2017,San Juan,WA,Truck,0,0,0,5581,5581,0
August 31 2019,Garfield,WA,Truck,0,0,0,957,957,0
September 30 2017,Island,WA,Passenger,129,150,279,60840,61119,0.46
April 30 2017,Clallam,WA,Truck,0,0,0,20959,20959,0
March 31 2020,Garfield,WA,Passenger,0,1,1,1349,1350,0.07
December 31 2022,Skamania,WA,Truck,0,0,0,3884,3884,0
October 31 2021,Adams,WA,Truck,0,0,0,5407,5407,0
November 30 2019,Island,WA,Passenger,363,252,615,63623,64238,0.96
June 30 2017,Walla Walla,WA,Truck,0,0,0,13206,13206,0
August 31 2017,Grays Harbor,WA,Passenger,37,37,74,44959,45033,0.16
August 31 2019,Whitman,WA,Truck,0,0,0,8629,8629,0
October 31 2020,Island,WA,Passenger,463,285,748,62835,63583,1.18
February 28 2017,San Juan,WA,Passenger,88,31,119,13401,13520,0.88
January 31 2021,Mason,WA,Passenger,179,135,314,47670,47984,0.65
October 31 2021,Ferry,WA,Passenger,11,3,14,4445,4459,0.31
December 31 2022,Stevens,WA,Truck,2,0,2,18812,18814,0.01
May 31 2019,Thurston,WA,Truck,0,0,0,55082,55082,0
April 30 2017,Clark,WA,Truck,0,0,0,77553,77553,0
February 28 2019,Grays Harbor,WA,Truck,0,0,0,20316,20316,0
January 31 2021,Whitman,WA,Truck,0,0,0,8515,8515,0
December 31 2017,Columbia,WA,Passenger,2,1,3,2404,2407,0.12
September 30 2022,Clark,WA,Passenger,4475,1886,6361,315216,321577,1.98
December 31 2019,Wahkiakum,WA,Passenger,4,3,7,3042,3049,0.23
September 30 2019,Snohomish,WA,Truck,0,0,0,122957,122957,0
June 30 2022,Klickitat,WA,Truck,0,0,0,8287,8287,0
October 31 2022,Whitman,WA,Truck,3,0,3,8599,8602,0.03
December 31 2019,Franklin,WA,Passenger,54,76,130,60967,61097,0.21
October 31 2020,Cowlitz,WA,Passenger,160,122,282,72088,72370,0.39
August 31 2021,Asotin,WA,Passenger,21,17,38,12719,12757,0.3
August 31 2018,Mason,WA,Passenger,92,95,187,46040,46227,0.4
November 30 2022,Whitman,WA,Truck,3,0,3,8616,8619,0.03
October 31 2019,Lewis,WA,Passenger,108,104,212,59441,59653,0.36
November 30 2020,Yakima,WA,Truck,0,0,0,60766,60766,0
October 31 2019,Island,WA,Truck,0,0,0,21308,21308,0
June 30 2021,Walla Walla,WA,Truck,0,0,0,14074,14074,0
June 30 2021,Skamania,WA,Passenger,44,34,78,8397,8475,0.92
June 30 2017,Kittitas,WA,Passenger,22,17,39,27577,27616,0.14
April 30 2022,Okanogan,WA,Truck,0,0,0,16674,16674,0
April 30 2017,Pierce,WA,Passenger,917,807,1724,525651,527375,0.33
January 31 2022,Snohomish,WA,Passenger,7216,2276,9492,536382,545874,1.74
December 31 2022,Island,WA,Truck,17,0,17,21198,21215,0.08
May 31 2020,King,WA,Truck,5,1,6,181382,181388,0
August 31 2021,Douglas,WA,Truck,0,0,0,12679,12679,0
August 31 2022,Pend Oreille,WA,Passenger,18,12,30,9016,9046,0.33
May 31 2022,Chelan,WA,Passenger,450,126,576,54346,54922,1.05
April 30 2019,Lewis,WA,Truck,0,0,0,25825,25825,0
June 30 2021,Snohomish,WA,Passenger,5881,2046,7927,540129,548056,1.45
December 31 2020,Island,WA,Passenger,507,290,797,62921,63718,1.25
January 31 2022,Spokane,WA,Passenger,1346,766,2112,326387,328499,0.64
December 31 2021,Douglas,WA,Passenger,116,56,172,28600,28772,0.6
July 31 2022,Klickitat,WA,Passenger,106,56,162,15179,15341,1.06
March 31 2023,Mason,WA,Truck,11,0,11,20832,20843,0.05
May 31 2017,Kitsap,WA,Passenger,595,302,897,172829,173726,0.52
September 30 2023,Douglas,WA,Passenger,225,71,296,28706,29002,1.02
July 31 2023,Columbia,WA,Passenger,11,1,12,2425,2437,0.49
December 31 2020,Klickitat,WA,Truck,0,0,0,8085,8085,0
April 30 2022,King,WA,Truck,26,1,27,181682,181709,0.01
April 30 2017,Kitsap,WA,Truck,1,0,1,52312,52313,0
July 31 2018,Jefferson,WA,Passenger,147,99,246,24579,24825,0.99
August 31 2020,Grant,WA,Passenger,66,75,141,65386,65527,0.22
April 30 2018,Whatcom,WA,Truck,2,0,2,42124,42126,0
September 30 2017,San Juan,WA,Passenger,117,42,159,13673,13832,1.15
April 30 2020,Pacific,WA,Passenger,30,34,64,15832,15896,0.4
February 28 2021,Whatcom,WA,Truck,3,0,3,43626,43629,0.01
January 31 2023,Mason,WA,Truck,8,0,8,20867,20875,0.04
March 31 2019,San Juan,WA,Passenger,197,70,267,14285,14552,1.83
March 31 2021,Asotin,WA,Truck,0,0,0,6723,6723,0
May 31 2022,Ferry,WA,Passenger,20,4,24,4434,4458,0.54
May 31 2017,Yakima,WA,Truck,0,0,0,57279,57279,0
November 30 2018,Lincoln,WA,Passenger,2,6,8,7771,7779,0.1
October 31 2022,Wahkiakum,WA,Truck,1,0,1,1798,1799,0.06
March 31 2023,Whitman,WA,Passenger,131,71,202,22011,22213,0.91
January 31 2022,Klickitat,WA,Passenger,90,54,144,15301,15445,0.93
December 31 2022,Mason,WA,Truck,6,0,6,20837,20843,0.03
November 30 2022,Clark,WA,Passenger,4777,1976,6753,314796,321549,2.1
October 31 2020,Pierce,WA,Truck,0,0,0,144337,144337,0
November 30 2018,Wahkiakum,WA,Truck,0,0,0,1704,1704,0
April 30 2018,Garfield,WA,Passenger,1,0,1,1330,1331,0.08
June 30 2019,Skamania,WA,Truck,0,0,0,4061,4061,0
November 30 2018,Klickitat,WA,Passenger,23,32,55,15420,15475,0.36
March 31 2017,Franklin,WA,Passenger,26,47,73,55304,55377,0.13
May 31 2021,Whatcom,WA,Passenger,1386,596,1982,150916,152898,1.3
November 30 2021,Spokane,WA,Passenger,1259,748,2007,326798,328805,0.61
November 30 2020,Walla Walla,WA,Passenger,95,66,161,36055,36216,0.44
December 31 2019,Jefferson,WA,Truck,0,0,0,9644,9644,0
April 30 2021,Skagit,WA,Truck,1,0,1,33013,33014,0
July 31 2018,Grays Harbor,WA,Truck,0,0,0,20222,20222,0
December 31 2021,Pend Oreille,WA,Truck,0,0,0,5698,5698,0
October 31 2021,Pierce,WA,Passenger,4000,2080,6080,557433,563513,1.08
November 30 2018,Yakima,WA,Truck,0,0,0,58746,58746,0
June 30 2020,Whitman,WA,Truck,0,0,0,8511,8511,0
August 31 2019,Kittitas,WA,Passenger,79,44,123,29744,29867,0.41
February 29 2020,Ferry,WA,Truck,0,0,0,3583,3583,0
December 31 2019,Wahkiakum,WA,Truck,0,0,0,1754,1754,0
February 29 2020,Garfield,WA,Passenger,0,1,1,1348,1349,0.07
December 31 2019,San Juan,WA,Truck,0,0,0,5931,5931,0
February 28 2021,Thurston,WA,Truck,0,0,0,56432,56432,0
September 30 2017,Yakima,WA,Passenger,57,69,126,160605,160731,0.08
September 30 2019,Okanogan,WA,Passenger,24,26,50,26231,26281,0.19
June 30 2021,Clallam,WA,Passenger,329,217,546,50486,51032,1.07
July 31 2023,San Juan,WA,Passenger,627,174,801,13784,14585,5.49
February 28 2022,San Juan,WA,Truck,1,0,1,6016,6017,0.02
January 31 2021,Columbia,WA,Passenger,5,3,8,2451,2459,0.33
July 31 2017,Snohomish,WA,Truck,1,0,1,121770,121771,0
August 31 2019,Columbia,WA,Truck,0,0,0,1531,1531,0
December 31 2022,Grant,WA,Passenger,231,112,343,66811,67154,0.51
August 31 2020,Wahkiakum,WA,Passenger,6,6,12,3028,3040,0.39
January 31 2019,Grant,WA,Passenger,33,53,86,64359,64445,0.13
January 31 2020,Walla Walla,WA,Truck,0,0,0,13708,13708,0
February 28 2021,Franklin,WA,Truck,0,0,0,20507,20507,0
November 30 2018,San Juan,WA,Truck,0,0,0,5803,5803,0
January 31 2017,Pierce,WA,Passenger,822,751,1573,528213,529786,0.3
September 30 2022,Walla Walla,WA,Passenger,187,104,291,35808,36099,0.81
October 31 2020,Skagit,WA,Passenger,466,231,697,91494,92191,0.76
February 28 2022,Adams,WA,Truck,0,0,0,5458,5458,0
February 28 2023,Island,WA,Truck,20,0,20,21079,21099,0.09
June 30 2019,Skagit,WA,Truck,1,0,1,32438,32439,0
November 30 2022,Grays Harbor,WA,Truck,3,0,3,21098,21101,0.01
September 30 2021,Clark,WA,Passenger,3150,1484,4634,321633,326267,1.42
September 30 2021,Skagit,WA,Passenger,640,291,931,91629,92560,1.01
December 31 2021,Ferry,WA,Passenger,14,3,17,4442,4459,0.38
February 28 2019,Cowlitz,WA,Passenger,82,100,182,72433,72615,0.25
October 31 2017,Kitsap,WA,Passenger,661,355,1016,174866,175882,0.58
April 30 2022,Skamania,WA,Passenger,67,46,113,8212,8325,1.36
September 30 2020,Whatcom,WA,Passenger,1140,525,1665,149351,151016,1.1
July 31 2017,Grays Harbor,WA,Truck,0,0,0,19891,19891,0
February 29 2020,Walla Walla,WA,Truck,0,0,0,13699,13699,0
July 31 2023,Lewis,WA,Truck,7,0,7,25981,25988,0.03
January 31 2018,Jefferson,WA,Truck,0,0,0,9479,9479,0
April 30 2022,Ferry,WA,Passenger,19,4,23,4405,4428,0.52
August 31 2020,Ferry,WA,Truck,0,0,0,3583,3583,0
June 30 2022,Benton,WA,Truck,3,0,3,43559,43562,0.01
October 31 2021,Clark,WA,Truck,0,0,0,83997,83997,0
June 30 2023,Clark,WA,Passenger,5869,2338,8207,313797,322004,2.55
April 30 2019,Wahkiakum,WA,Passenger,1,1,2,3012,3014,0.07
July 31 2020,Skamania,WA,Truck,0,0,0,4030,4030,0
January 31 2019,Island,WA,Truck,0,0,0,21200,21200,0
February 28 2018,Grant,WA,Passenger,31,38,69,62314,62383,0.11
April 30 2020,Pierce,WA,Passenger,2347,1680,4027,548617,552644,0.73
June 30 2017,Ferry,WA,Truck,0,0,0,3539,3539,0
December 31 2019,Grant,WA,Truck,0,0,0,26996,26996,0
January 31 2024,Lincoln,WA,Passenger,23,26,49,7446,7495,0.65
April 30 2018,Columbia,WA,Passenger,2,1,3,2414,2417,0.12
April 30 2023,Wahkiakum,WA,Passenger,26,16,42,3047,3089,1.36
June 30 2023,Douglas,WA,Truck,6,0,6,12996,13002,0.05
April 30 2021,Chelan,WA,Truck,0,0,0,23057,23057,0
January 31 2021,Wahkiakum,WA,Truck,0,0,0,1768,1768,0
February 28 2023,Kitsap,WA,Passenger,2890,1168,4058,176536,180594,2.25
January 31 2024,Skagit,WA,Passenger,1361,484,1845,87047,88892,2.08
March 31 2020,San Juan,WA,Truck,0,0,0,5929,5929,0
February 29 2020,Thurston,WA,Passenger,1109,724,1833,198860,200693,0.91
March 31 2021,Snohomish,WA,Passenger,5380,1929,7309,538734,546043,1.34
August 31 2021,Whitman,WA,Passenger,63,52,115,21903,22018,0.52
February 28 2021,Walla Walla,WA,Truck,0,0,0,13906,13906,0
April 30 2023,Klickitat,WA,Truck,8,0,8,8267,8275,0.1
January 31 2022,Clark,WA,Truck,2,0,2,83851,83853,0
January 31 2024,Clallam,WA,Passenger,680,316,996,48039,49035,2.03
November 30 2017,Pacific,WA,Truck,0,0,0,7535,7535,0
January 31 2021,San Juan,WA,Passenger,377,113,490,14017,14507,3.38
February 28 2019,Benton,WA,Passenger,232,245,477,132982,133459,0.36
November 30 2023,Grant,WA,Passenger,352,156,508,66828,67336,0.75
December 31 2022,Pacific,WA,Passenger,74,80,154,15712,15866,0.97
January 31 2022,Whatcom,WA,Truck,3,0,3,43583,43586,0.01
October 31 2023,Skagit,WA,Passenger,1269,456,1725,88380,90105,1.91
September 30 2023,Clallam,WA,Truck,19,0,19,21624,21643,0.09
May 31 2021,Kitsap,WA,Truck,0,0,0,54509,54509,0
September 30 2022,Skagit,WA,Passenger,868,349,1217,89605,90822,1.34
November 30 2020,Skamania,WA,Passenger,33,21,54,8300,8354,0.65
May 31 2022,Okanogan,WA,Passenger,82,51,133,26395,26528,0.5
February 28 2018,Pierce,WA,Passenger,1116,1028,2144,526313,528457,0.41
January 31 2023,Clallam,WA,Passenger,499,267,766,49342,50108,1.53
August 31 2019,Klickitat,WA,Passenger,37,35,72,15622,15694,0.46
February 28 2021,Pierce,WA,Truck,0,0,0,144959,144959,0
August 31 2022,Whitman,WA,Truck,2,0,2,8563,8565,0.02
May 31 2019,Franklin,WA,Passenger,52,70,122,59778,59900,0.2
November 30 2020,Island,WA,Truck,0,0,0,21282,21282,0
March 31 2020,Asotin,WA,Truck,0,0,0,6670,6670,0
May 31 2023,Columbia,WA,Passenger,9,1,10,2415,2425,0.41
November 30 2023,Clallam,WA,Truck,26,0,26,21410,21436,0.12
August 31 2018,Pend Oreille,WA,Truck,0,0,0,5718,5718,0
December 31 2021,Whitman,WA,Passenger,67,59,126,21946,22072,0.57
April 30 2022,Island,WA,Passenger,778,366,1144,62060,63204,1.81
June 30 2018,Columbia,WA,Passenger,2,2,4,2424,2428,0.16
May 31 2019,Pacific,WA,Passenger,24,28,52,15948,16000,0.32
November 30 2022,Columbia,WA,Truck,0,0,0,1586,1586,0
November 30 2019,Spokane,WA,Passenger,630,470,1100,314563,315663,0.35
May 31 2021,Walla Walla,WA,Truck,0,0,0,14039,14039,0
October 31 2017,Thurston,WA,Truck,0,0,0,53579,53579,0
January 31 2017,Skagit,WA,Truck,1,0,1,31404,31405,0
April 30 2021,Thurston,WA,Passenger,1494,833,2327,197868,200195,1.16
November 30 2019,Okanogan,WA,Passenger,27,30,57,26228,26285,0.22
July 31 2017,Stevens,WA,Truck,0,0,0,18209,18209,0
November 30 2019,Kitsap,WA,Passenger,1190,649,1839,182186,184025,1
December 31 2021,Grays Harbor,WA,Truck,0,0,0,21382,21382,0
April 30 2017,Garfield,WA,Truck,0,0,0,937,937,0
September 30 2023,Jefferson,WA,Truck,12,0,12,9255,9267,0.13
August 31 2020,Pierce,WA,Truck,0,0,0,143354,143354,0
May 31 2023,Wahkiakum,WA,Passenger,25,17,42,3032,3074,1.37
July 31 2017,Kittitas,WA,Truck,0,0,0,13582,13582,0
September 30 2018,King,WA,Truck,7,1,8,182840,182848,0
September 30 2023,Kittitas,WA,Passenger,397,109,506,29237,29743,1.7
July 31 2023,Lincoln,WA,Passenger,19,20,39,7634,7673,0.51
April 30 2021,Island,WA,Truck,0,0,0,21530,21530,0
March 31 2021,Ferry,WA,Truck,0,0,0,3625,3625,0
March 31 2017,Cowlitz,WA,Passenger,51,48,99,69292,69391,0.14
March 31 2021,Pend Oreille,WA,Passenger,12,6,18,9277,9295,0.19
June 30 2021,Lincoln,WA,Passenger,5,13,18,7736,7754,0.23
April 30 2023,Benton,WA,Passenger,1089,549,1638,135585,137223,1.19
January 31 2017,Grays Harbor,WA,Truck,0,0,0,19861,19861,0
November 30 2018,Chelan,WA,Passenger,135,60,195,54058,54253,0.36
January 31 2022,Yakima,WA,Passenger,294,177,471,168225,168696,0.28
February 28 2019,Pend Oreille,WA,Passenger,5,5,10,9480,9490,0.11
April 30 2020,Spokane,WA,Passenger,710,473,1183,316214,317397,0.37
December 31 2019,Douglas,WA,Passenger,67,38,105,28293,28398,0.37
March 31 2019,Grays Harbor,WA,Passenger,69,80,149,47585,47734,0.31
September 30 2021,Snohomish,WA,Truck,1,0,1,125910,125911,0
January 31 2019,Klickitat,WA,Truck,0,0,0,8224,8224,0
October 31 2019,Lincoln,WA,Passenger,2,11,13,7832,7845,0.17
August 31 2019,Snohomish,WA,Truck,0,0,0,122854,122854,0
January 31 2023,Douglas,WA,Passenger,171,57,228,28575,28803,0.79
August 31 2017,Chelan,WA,Truck,0,0,0,21364,21364,0
October 31 2018,Pacific,WA,Passenger,19,23,42,15757,15799,0.27
April 30 2023,Cowlitz,WA,Truck,8,0,8,28273,28281,0.03
November 30 2022,Garfield,WA,Truck,0,0,0,978,978,0
June 30 2017,Thurston,WA,Truck,0,0,0,53285,53285,0
March 31 2019,Adams,WA,Passenger,4,6,10,12627,12637,0.08
July 31 2022,Walla Walla,WA,Truck,1,0,1,13915,13916,0.01
July 31 2020,Skagit,WA,Passenger,423,223,646,91289,91935,0.7
August 31 2019,Skagit,WA,Truck,1,0,1,32548,32549,0
May 31 2023,Adams,WA,Truck,2,0,2,5338,5340,0.04
October 31 2023,Pierce,WA,Passenger,8914,3070,11984,524648,536632,2.23
September 30 2017,Spokane,WA,Passenger,276,229,505,298119,298624,0.17
February 28 2017,Clark,WA,Passenger,695,434,1129,297918,299047,0.38
February 28 2018,Jefferson,WA,Truck,0,0,0,9505,9505,0
October 31 2022,Clark,WA,Truck,31,0,31,82081,82112,0.04
September 30 2017,King,WA,Truck,7,1,8,186336,186344,0
December 31 2020,Whitman,WA,Passenger,51,44,95,21891,21986,0.43
November 30 2019,Whatcom,WA,Truck,2,0,2,43146,43148,0
June 30 2018,Franklin,WA,Passenger,39,66,105,57850,57955,0.18
November 30 2023,Clark,WA,Truck,135,0,135,80268,80403,0.17
October 31 2017,Asotin,WA,Passenger,7,5,12,12473,12485,0.1
January 31 2024,Ferry,WA,Passenger,25,4,29,4178,4207,0.69
April 30 2018,Skamania,WA,Truck,0,0,0,3923,3923,0
November 30 2017,Grays Harbor,WA,Passenger,42,41,83,45577,45660,0.18
March 31 2023,Kitsap,WA,Passenger,2962,1198,4160,176339,180499,2.3
January 31 2019,Lincoln,WA,Passenger,2,5,7,7755,7762,0.09
July 31 2022,Lewis,WA,Passenger,245,179,424,59665,60089,0.71
February 28 2023,Lewis,WA,Truck,4,0,4,26199,26203,0.02
June 30 2018,Lincoln,WA,Passenger,2,6,8,7684,7692,0.1
November 30 2021,Kittitas,WA,Passenger,196,75,271,29835,30106,0.9
March 31 2018,Island,WA,Passenger,175,179,354,62035,62389,0.57
July 31 2017,Ferry,WA,Truck,0,0,0,3528,3528,0
March 31 2023,Clallam,WA,Passenger,508,276,784,49244,50028,1.57
November 30 2022,Douglas,WA,Passenger,162,58,220,28485,28705,0.77
September 30 2018,Whatcom,WA,Truck,2,0,2,42433,42435,0
November 30 2022,Franklin,WA,Passenger,246,117,363,61717,62080,0.58
January 31 2022,Ferry,WA,Passenger,14,3,17,4435,4452,0.38
October 31 2021,Kitsap,WA,Truck,0,0,0,54194,54194,0
June 30 2020,Lewis,WA,Passenger,102,113,215,58166,58381,0.37
October 31 2017,Wahkiakum,WA,Passenger,0,2,2,2849,2851,0.07
December 31 2023,Franklin,WA,Truck,9,0,9,20595,20604,0.04
August 31 2020,Skamania,WA,Truck,0,0,0,4022,4022,0
September 30 2021,Lewis,WA,Passenger,185,151,336,59568,59904,0.56
May 31 2021,Island,WA,Passenger,599,310,909,63138,64047,1.42
June 30 2023,Franklin,WA,Passenger,308,139,447,62011,62458,0.72
March 31 2023,Spokane,WA,Truck,29,0,29,101798,101827,0.03
September 30 2018,San Juan,WA,Truck,0,0,0,5758,5758,0
February 29 2024,Whitman,WA,Passenger,203,112,315,21296,21611,1.46
December 31 2019,Kittitas,WA,Passenger,90,46,136,30051,30187,0.45
August 31 2019,Skagit,WA,Passenger,310,209,519,92295,92814,0.56
July 31 2020,Garfield,WA,Passenger,0,1,1,1349,1350,0.07
February 28 2018,Jefferson,WA,Passenger,127,80,207,24309,24516,0.84
February 28 2023,Jefferson,WA,Truck,9,0,9,9334,9343,0.1
July 31 2017,Benton,WA,Passenger,155,148,303,128661,128964,0.23
January 31 2019,King,WA,Truck,6,1,7,182372,182379,0
November 30 2020,Lewis,WA,Passenger,117,119,236,58627,58863,0.4
August 31 2022,Asotin,WA,Passenger,24,18,42,12584,12626,0.33
September 30 2023,Yakima,WA,Passenger,574,275,849,165968,166817,0.51
December 31 2022,Jefferson,WA,Passenger,481,230,711,24290,25001,2.84
April 30 2020,Ferry,WA,Truck,0,0,0,3544,3544,0
June 30 2023,Grays Harbor,WA,Passenger,299,187,486,48387,48873,0.99
September 30 2019,Pacific,WA,Truck,0,0,0,7673,7673,0
January 31 2024,Franklin,WA,Passenger,390,169,559,61153,61712,0.91
May 31 2020,Whatcom,WA,Passenger,1060,496,1556,149250,150806,1.03
September 30 2017,Pierce,WA,Passenger,1012,898,1910,525075,526985,0.36
April 30 2017,Yakima,WA,Truck,0,0,0,57217,57217,0
December 31 2017,Okanogan,WA,Passenger,7,18,25,25731,25756,0.1
December 31 2018,Wahkiakum,WA,Passenger,1,1,2,2977,2979,0.07
February 28 2017,Whatcom,WA,Truck,2,0,2,41328,41330,0
November 30 2020,Grant,WA,Passenger,78,79,157,65744,65901,0.24
January 31 2022,Grays Harbor,WA,Passenger,197,158,355,49323,49678,0.71
April 30 2020,Asotin,WA,Passenger,16,12,28,12442,12470,0.22
April 30 2019,Cowlitz,WA,Truck,0,0,0,28848,28848,0
February 28 2022,Lincoln,WA,Truck,0,0,0,4842,4842,0
November 30 2019,Franklin,WA,Passenger,53,75,128,60771,60899,0.21
September 30 2019,Grant,WA,Truck,0,0,0,26786,26786,0
December 31 2022,Franklin,WA,Truck,4,0,4,20957,20961,0.02
May 31 2020,Ferry,WA,Truck,0,0,0,3541,3541,0
February 28 2017,Cowlitz,WA,Truck,0,0,0,27869,27869,0
January 31 2022,Kitsap,WA,Truck,0,0,0,54093,54093,0
May 31 2018,Columbia,WA,Passenger,2,1,3,2412,2415,0.12
August 31 2022,Adams,WA,Passenger,21,9,30,12949,12979,0.23
April 30 2022,Grant,WA,Truck,0,0,0,28069,28069,0
February 28 2019,Kitsap,WA,Passenger,987,571,1558,179743,181301,0.86
July 31 2017,Grant,WA,Passenger,19,30,49,61001,61050,0.08
November 30 2022,Ferry,WA,Passenger,24,4,28,4366,4394,0.64
November 30 2023,Chelan,WA,Truck,39,0,39,22916,22955,0.17
July 31 2018,Adams,WA,Truck,0,0,0,5159,5159,0
December 31 2023,Adams,WA,Passenger,29,14,43,12930,12973,0.33
September 30 2017,Walla Walla,WA,Passenger,27,28,55,35035,35090,0.16
December 31 2019,Kitsap,WA,Truck,1,0,1,54431,54432,0
January 31 2023,Pierce,WA,Truck,97,0,97,139079,139176,0.07
March 31 2022,King,WA,Truck,25,1,26,181945,181971,0.01
April 30 2023,Thurston,WA,Passenger,2915,1195,4110,190584,194694,2.11
October 31 2019,Asotin,WA,Passenger,12,8,20,12641,12661,0.16
December 31 2022,Wahkiakum,WA,Passenger,26,13,39,3031,3070,1.27
August 31 2023,Wahkiakum,WA,Passenger,26,18,44,3032,3076,1.43
March 31 2022,Columbia,WA,Passenger,6,0,6,2446,2452,0.24
February 28 2023,Pend Oreille,WA,Passenger,26,13,39,8922,8961,0.44
January 31 2020,Okanogan,WA,Truck,0,0,0,16550,16550,0
July 31 2017,Columbia,WA,Truck,0,0,0,1534,1534,0
June 30 2020,Pend Oreille,WA,Passenger,7,6,13,9241,9254,0.14
April 30 2023,Chelan,WA,Passenger,603,154,757,54161,54918,1.38
May 31 2021,Jefferson,WA,Truck,0,0,0,9612,9612,0
June 30 2021,Kitsap,WA,Truck,0,0,0,54435,54435,0
January 31 2017,Thurston,WA,Passenger,336,299,635,184923,185558,0.34
November 30 2017,Lewis,WA,Truck,0,0,0,25238,25238,0
February 28 2023,Wahkiakum,WA,Truck,1,0,1,1793,1794,0.06
July 31 2022,Grays Harbor,WA,Passenger,214,162,376,48895,49271,0.76
February 28 2022,Kitsap,WA,Passenger,2227,980,3207,179396,182603,1.76
November 30 2023,Clark,WA,Passenger,6920,2596,9516,311267,320783,2.97
August 31 2020,Thurston,WA,Passenger,1194,751,1945,196970,198915,0.98
August 31 2022,Yakima,WA,Truck,1,0,1,61349,61350,0
October 31 2023,Pierce,WA,Truck,195,0,195,134628,134823,0.14
April 30 2023,Jefferson,WA,Truck,10,0,10,9324,9334,0.11
November 30 2023,Island,WA,Truck,39,0,39,20766,20805,0.19
November 30 2018,Lewis,WA,Passenger,89,73,162,58210,58372,0.28
January 31 2021,Spokane,WA,Passenger,909,551,1460,320847,322307,0.45
April 30 2020,Chelan,WA,Passenger,224,80,304,54224,54528,0.56
January 31 2017,Adams,WA,Truck,0,0,0,5076,5076,0
May 31 2023,Chelan,WA,Passenger,619,159,778,54233,55011,1.41
May 31 2017,Stevens,WA,Truck,0,0,0,18251,18251,0
May 31 2021,Clark,WA,Truck,0,0,0,84159,84159,0
June 30 2017,Okanogan,WA,Truck,0,0,0,16203,16203,0
September 30 2022,Asotin,WA,Passenger,25,19,44,12580,12624,0.35
August 31 2023,Skamania,WA,Truck,1,0,1,3817,3818,0.03
November 30 2022,Stevens,WA,Passenger,87,56,143,30005,30148,0.47
January 31 2023,Kittitas,WA,Truck,5,0,5,14557,14562,0.03
November 30 2023,Klickitat,WA,Truck,14,0,14,8180,8194,0.17
September 30 2017,Whatcom,WA,Truck,2,0,2,41838,41840,0
June 30 2018,Klickitat,WA,Truck,0,0,0,8113,8113,0
September 30 2019,King,WA,Passenger,20419,7281,27700,1394482,1422182,1.95
June 30 2018,Jefferson,WA,Truck,0,0,0,9541,9541,0
February 29 2024,Clark,WA,Passenger,7438,2707,10145,302990,313135,3.24
June 30 2017,Cowlitz,WA,Passenger,50,60,110,69648,69758,0.16
September 30 2017,Jefferson,WA,Passenger,114,65,179,24008,24187,0.74
August 31 2017,Benton,WA,Truck,0,0,0,40166,40166,0
September 30 2023,Whatcom,WA,Truck,67,0,67,42482,42549,0.16
December 31 2020,Whatcom,WA,Passenger,1218,550,1768,149983,151751,1.17
January 31 2020,King,WA,Truck,6,1,7,182624,182631,0
January 31 2019,Walla Walla,WA,Truck,0,0,0,13536,13536,0
August 31 2023,Kitsap,WA,Passenger,3463,1359,4822,175476,180298,2.67
October 31 2023,Ferry,WA,Truck,0,0,0,3507,3507,0
April 30 2021,Clark,WA,Truck,0,0,0,84168,84168,0
February 28 2021,Benton,WA,Truck,0,0,0,43379,43379,0
July 31 2021,Skagit,WA,Truck,1,0,1,33007,33008,0
February 29 2024,Franklin,WA,Passenger,394,172,566,59985,60551,0.93
September 30 2021,Skamania,WA,Passenger,53,39,92,8375,8467,1.09
July 31 2017,Skamania,WA,Passenger,9,7,16,8550,8566,0.19
February 29 2024,Yakima,WA,Passenger,666,306,972,160414,161386,0.6
June 30 2018,King,WA,Passenger,13165,5677,18842,1370856,1389698,1.36
October 31 2022,Yakima,WA,Passenger,395,214,609,166283,166892,0.36
March 31 2018,Chelan,WA,Truck,0,0,0,21719,21719,0
July 31 2017,Walla Walla,WA,Truck,0,0,0,13178,13178,0
April 30 2019,Asotin,WA,Truck,0,0,0,6629,6629,0
April 30 2023,Kitsap,WA,Truck,63,0,63,52473,52536,0.12
February 29 2024,Grant,WA,Truck,18,0,18,26814,26832,0.07
September 30 2019,Spokane,WA,Truck,1,0,1,95744,95745,0
June 30 2017,Lewis,WA,Truck,0,0,0,24845,24845,0
July 31 2021,Mason,WA,Truck,0,0,0,21330,21330,0
October 31 2019,Pend Oreille,WA,Truck,0,0,0,5736,5736,0
February 29 2020,Snohomish,WA,Passenger,4301,1728,6029,538037,544066,1.11
January 31 2019,Grays Harbor,WA,Passenger,67,76,143,47444,47587,0.3
February 29 2024,Lewis,WA,Passenger,405,318,723,56464,57187,1.26
October 31 2021,Lincoln,WA,Truck,0,0,0,4802,4802,0
December 31 2020,Adams,WA,Passenger,10,7,17,12956,12973,0.13
December 31 2021,Pierce,WA,Truck,0,0,0,144697,144697,0
November 30 2018,Jefferson,WA,Truck,0,0,0,9608,9608,0
September 30 2022,Stevens,WA,Passenger,81,56,137,30029,30166,0.45
May 31 2018,Clark,WA,Passenger,963,696,1659,307117,308776,0.54
November 30 2021,Skamania,WA,Passenger,57,40,97,8331,8428,1.15
November 30 2019,San Juan,WA,Truck,0,0,0,5925,5925,0
April 30 2020,Chelan,WA,Truck,0,0,0,22455,22455,0
June 30 2018,Grays Harbor,WA,Passenger,52,58,110,46572,46682,0.24
July 31 2020,San Juan,WA,Passenger,311,94,405,13952,14357,2.82
October 31 2018,Pend Oreille,WA,Truck,0,0,0,5752,5752,0
May 31 2022,Skagit,WA,Truck,2,0,2,32381,32383,0.01
February 29 2020,Chelan,WA,Truck,0,0,0,22570,22570,0
June 30 2017,Skagit,WA,Passenger,140,103,243,88071,88314,0.28
June 30 2018,Kittitas,WA,Truck,0,0,0,14059,14059,0
May 31 2022,Lincoln,WA,Truck,0,0,0,4840,4840,0
March 31 2017,Adams,WA,Truck,0,0,0,5070,5070,0
April 30 2021,Lewis,WA,Passenger,146,137,283,59766,60049,0.47
October 31 2018,Kittitas,WA,Passenger,58,35,93,29278,29371,0.32
October 31 2022,San Juan,WA,Passenger,548,165,713,13970,14683,4.86
November 30 2017,Chelan,WA,Passenger,83,36,119,52833,52952,0.22
May 31 2018,Pacific,WA,Passenger,16,19,35,15545,15580,0.22
January 31 2020,Klickitat,WA,Truck,0,0,0,8297,8297,0
July 31 2021,Skagit,WA,Passenger,608,281,889,91831,92720,0.96
March 31 2017,Benton,WA,Passenger,140,139,279,127928,128207,0.22
January 31 2021,Pend Oreille,WA,Passenger,12,3,15,9177,9192,0.16
January 31 2017,Whatcom,WA,Passenger,383,141,524,141869,142393,0.37
September 30 2021,Whitman,WA,Passenger,64,56,120,21901,22021,0.54
May 31 2022,Klickitat,WA,Truck,1,0,1,8287,8288,0.01
May 31 2017,Skagit,WA,Truck,1,0,1,31388,31389,0
September 30 2022,Garfield,WA,Passenger,1,3,4,1318,1322,0.3
November 30 2022,Asotin,WA,Truck,0,0,0,6674,6674,0
May 31 2023,Columbia,WA,Truck,0,0,0,1555,1555,0
May 31 2018,Clallam,WA,Truck,0,0,0,21413,21413,0
June 30 2019,Grant,WA,Truck,0,0,0,26626,26626,0
May 31 2023,Clark,WA,Truck,90,0,90,81496,81586,0.11
June 30 2022,Pend Oreille,WA,Passenger,17,11,28,9045,9073,0.31
January 31 2021,Stevens,WA,Truck,0,0,0,18747,18747,0
July 31 2019,Clark,WA,Passenger,1588,945,2533,314862,317395,0.8
April 30 2023,San Juan,WA,Truck,12,0,12,5937,5949,0.2
March 31 2018,Whitman,WA,Passenger,18,23,41,22487,22528,0.18
August 31 2018,Thurston,WA,Truck,0,0,0,54563,54563,0
July 31 2022,Snohomish,WA,Truck,27,0,27,123459,123486,0.02
October 31 2017,Island,WA,Truck,0,0,0,20591,20591,0
October 31 2018,Franklin,WA,Truck,0,0,0,18948,18948,0
May 31 2017,Island,WA,Truck,0,0,0,20527,20527,0
August 31 2018,King,WA,Truck,7,1,8,182964,182972,0
October 31 2018,Kittitas,WA,Truck,0,0,0,14130,14130,0
July 31 2021,Kittitas,WA,Truck,0,0,0,14793,14793,0
August 31 2023,Lewis,WA,Passenger,344,253,597,59384,59981,1
September 30 2017,Chelan,WA,Truck,0,0,0,21414,21414,0
October 31 2022,Franklin,WA,Truck,2,0,2,20866,20868,0.01
July 31 2019,Spokane,WA,Truck,1,0,1,95222,95223,0
June 30 2017,Adams,WA,Truck,0,0,0,5106,5106,0
April 30 2020,Jefferson,WA,Truck,0,0,0,9528,9528,0
June 30 2020,Douglas,WA,Passenger,71,40,111,27998,28109,0.39
January 31 2022,Whitman,WA,Truck,0,0,0,8568,8568,0
November 30 2019,Ferry,WA,Truck,0,0,0,3582,3582,0
April 30 2022,Clark,WA,Passenger,3863,1691,5554,317631,323185,1.72
May 31 2022,Pend Oreille,WA,Passenger,16,11,27,9003,9030,0.3
May 31 2020,Cowlitz,WA,Truck,0,0,0,28754,28754,0
March 31 2018,Adams,WA,Passenger,5,4,9,12465,12474,0.07
January 31 2022,Pierce,WA,Passenger,4364,2149,6513,553535,560048,1.16
June 30 2017,Spokane,WA,Passenger,253,208,461,296783,297244,0.16
April 30 2019,Asotin,WA,Passenger,12,8,20,12656,12676,0.16
June 30 2021,Klickitat,WA,Truck,0,0,0,8296,8296,0
June 30 2018,Kittitas,WA,Passenger,48,32,80,28922,29002,0.28
November 30 2021,Walla Walla,WA,Passenger,137,84,221,36382,36603,0.6
September 30 2019,Kitsap,WA,Truck,1,0,1,54201,54202,0
August 31 2019,Clark,WA,Passenger,1647,960,2607,315487,318094,0.82
September 30 2020,Franklin,WA,Passenger,68,76,144,60910,61054,0.24
July 31 2018,Douglas,WA,Truck,0,0,0,11969,11969,0
July 31 2017,King,WA,Truck,8,1,9,187226,187235,0
May 31 2021,Chelan,WA,Truck,0,0,0,23092,23092,0
February 28 2022,Mason,WA,Passenger,279,164,443,47701,48144,0.92
June 30 2018,Pacific,WA,Truck,0,0,0,7599,7599,0
July 31 2017,Wahkiakum,WA,Truck,0,0,0,1659,1659,0
September 30 2020,Jefferson,WA,Truck,0,0,0,9538,9538,0
February 28 2017,Lewis,WA,Truck,0,0,0,24788,24788,0
July 31 2019,Franklin,WA,Truck,0,0,0,19363,19363,0
March 31 2020,Chelan,WA,Truck,0,0,0,22548,22548,0
July 31 2023,Skamania,WA,Truck,1,0,1,3840,3841,0.03
May 31 2022,Island,WA,Truck,1,0,1,21396,21397,0
August 31 2023,Island,WA,Truck,35,0,35,20974,21009,0.17
January 31 2017,Island,WA,Passenger,103,119,222,59410,59632,0.37
January 31 2020,Pacific,WA,Truck,0,0,0,7746,7746,0
January 31 2024,Clallam,WA,Truck,28,0,28,21110,21138,0.13
May 31 2022,San Juan,WA,Truck,1,0,1,5977,5978,0.02
October 31 2023,Benton,WA,Passenger,1308,630,1938,134842,136780,1.42
August 31 2017,Kitsap,WA,Truck,1,0,1,52564,52565,0
August 31 2020,Grays Harbor,WA,Passenger,111,116,227,48346,48573,0.47
October 31 2023,Grant,WA,Passenger,344,150,494,67026,67520,0.73
September 30 2019,Columbia,WA,Truck,0,0,0,1536,1536,0
January 31 2020,Whatcom,WA,Truck,3,0,3,43228,43231,0.01
November 30 2017,Stevens,WA,Passenger,10,21,31,31545,31576,0.1
June 30 2019,Garfield,WA,Passenger,1,1,2,1297,1299,0.15
June 30 2023,King,WA,Truck,726,2,728,175503,176231,0.41
June 30 2021,Clallam,WA,Truck,1,0,1,22016,22017,0
April 30 2020,Lincoln,WA,Passenger,4,12,16,7677,7693,0.21
August 31 2021,Clallam,WA,Truck,1,0,1,22014,22015,0
February 28 2021,King,WA,Passenger,28223,8446,36669,1364272,1400941,2.62
November 30 2023,Asotin,WA,Truck,0,0,0,6564,6564,0
July 31 2019,Whitman,WA,Truck,0,0,0,8631,8631,0
November 30 2022,Klickitat,WA,Passenger,120,53,173,15095,15268,1.13
March 31 2018,Spokane,WA,Truck,1,0,1,91885,91886,0
December 31 2021,Garfield,WA,Truck,0,0,0,1000,1000,0
June 30 2022,Pend Oreille,WA,Truck,0,0,0,5668,5668,0
October 31 2021,Clallam,WA,Passenger,365,235,600,50517,51117,1.17
March 31 2021,Franklin,WA,Passenger,100,88,188,61648,61836,0.3
December 31 2018,Clallam,WA,Truck,0,0,0,21641,21641,0
May 31 2019,Stevens,WA,Truck,0,0,0,18673,18673,0
December 31 2018,Douglas,WA,Truck,0,0,0,12158,12158,0
September 30 2020,Okanogan,WA,Passenger,45,36,81,25959,26040,0.31
March 31 2019,King,WA,Passenger,17676,6778,24454,1381017,1405471,1.74
February 28 2021,Skagit,WA,Truck,1,0,1,32845,32846,0
February 28 2019,Thurston,WA,Truck,0,0,0,54903,54903,0
November 30 2022,Grant,WA,Truck,4,0,4,27961,27965,0.01
September 30 2019,Skagit,WA,Passenger,315,210,525,92505,93030,0.56
April 30 2018,Pend Oreille,WA,Passenger,4,5,9,9477,9486,0.09
January 31 2022,Pierce,WA,Truck,0,0,0,144333,144333,0
August 31 2023,Whitman,WA,Passenger,171,81,252,21974,22226,1.13
October 31 2020,Douglas,WA,Passenger,80,43,123,28066,28189,0.44
April 30 2018,Island,WA,Passenger,184,178,362,62258,62620,0.58
April 30 2023,Skagit,WA,Truck,18,0,18,31966,31984,0.06
October 31 2023,Clallam,WA,Truck,23,0,23,21528,21551,0.11
April 30 2018,Pend Oreille,WA,Truck,0,0,0,5653,5653,0
February 28 2021,Spokane,WA,Truck,0,0,0,100966,100966,0
December 31 2021,Snohomish,WA,Truck,2,0,2,125403,125405,0
December 31 2017,Benton,WA,Truck,0,0,0,40576,40576,0
June 30 2017,Whatcom,WA,Truck,2,0,2,41621,41623,0
July 31 2022,Wahkiakum,WA,Truck,0,0,0,1799,1799,0
September 30 2018,Pierce,WA,Truck,0,0,0,138434,138434,0
November 30 2022,Skagit,WA,Truck,8,0,8,32169,32177,0.02
February 28 2017,Kitsap,WA,Truck,1,0,1,52344,52345,0
June 30 2017,Stevens,WA,Truck,0,0,0,18271,18271,0
August 31 2017,Mason,WA,Truck,0,0,0,19326,19326,0
June 30 2021,Douglas,WA,Truck,0,0,0,12681,12681,0
January 31 2021,Whatcom,WA,Passenger,1253,564,1817,150032,151849,1.2
February 28 2022,Wahkiakum,WA,Passenger,17,11,28,3094,3122,0.9
February 28 2023,Adams,WA,Truck,2,0,2,5375,5377,0.04
October 31 2021,Benton,WA,Truck,0,0,0,43705,43705,0
January 31 2020,Spokane,WA,Passenger,683,467,1150,316681,317831,0.36
February 28 2019,Clallam,WA,Truck,0,0,0,21575,21575,0
May 31 2018,King,WA,Passenger,12741,5479,18220,1369286,1387506,1.31
May 31 2020,Asotin,WA,Truck,0,0,0,6590,6590,0
December 31 2023,Wahkiakum,WA,Truck,4,0,4,1739,1743,0.23
June 30 2019,Grant,WA,Passenger,41,61,102,64698,64800,0.16
November 30 2018,Asotin,WA,Passenger,12,9,21,12723,12744,0.16
May 31 2023,Whatcom,WA,Truck,57,0,57,42759,42816,0.13
January 31 2020,Skagit,WA,Passenger,378,215,593,92610,93203,0.64
February 28 2019,Skagit,WA,Passenger,278,187,465,91204,91669,0.51
February 28 2022,Columbia,WA,Passenger,6,1,7,2455,2462,0.28
November 30 2021,Thurston,WA,Passenger,1843,948,2791,196823,199614,1.4
June 30 2022,Benton,WA,Passenger,749,461,1210,135268,136478,0.89
September 30 2018,Clallam,WA,Truck,0,0,0,21491,21491,0
May 31 2023,Lewis,WA,Truck,7,0,7,26049,26056,0.03
July 31 2021,Columbia,WA,Truck,0,0,0,1554,1554,0
March 31 2018,Yakima,WA,Passenger,63,81,144,162811,162955,0.09
September 30 2019,Clark,WA,Passenger,1700,983,2683,316029,318712,0.84
April 30 2022,San Juan,WA,Passenger,494,155,649,14118,14767,4.39
May 31 2020,Clallam,WA,Passenger,222,165,387,50115,50502,0.77
August 31 2019,Walla Walla,WA,Passenger,56,63,119,36226,36345,0.33
November 30 2017,Lincoln,WA,Truck,0,0,0,4484,4484,0
April 30 2020,Island,WA,Passenger,405,271,676,62803,63479,1.06
April 30 2021,Island,WA,Passenger,582,308,890,63149,64039,1.39
December 31 2017,Asotin,WA,Passenger,8,5,13,12515,12528,0.1
July 31 2023,Mason,WA,Passenger,469,213,682,46260,46942,1.45
June 30 2023,Jefferson,WA,Passenger,558,256,814,24322,25136,3.24
November 30 2022,Skagit,WA,Passenger,906,352,1258,89379,90637,1.39
February 28 2022,Franklin,WA,Truck,0,0,0,20912,20912,0
June 30 2023,Klickitat,WA,Passenger,152,64,216,15139,15355,1.41
April 30 2018,Pierce,WA,Passenger,1154,1091,2245,529064,531309,0.42
July 31 2023,Kitsap,WA,Passenger,3322,1316,4638,175703,180341,2.57
January 31 2024,Whitman,WA,Passenger,197,107,304,21539,21843,1.39
July 31 2021,Kittitas,WA,Passenger,166,68,234,29974,30208,0.77
June 30 2021,Whitman,WA,Passenger,58,47,105,21971,22076,0.48
April 30 2019,Lincoln,WA,Truck,0,0,0,4700,4700,0
March 31 2018,Grant,WA,Truck,0,0,0,25746,25746,0
September 30 2020,Chelan,WA,Truck,0,0,0,22718,22718,0
August 31 2023,Grant,WA,Truck,12,0,12,28077,28089,0.04
February 29 2020,Thurston,WA,Truck,0,0,0,55717,55717,0
June 30 2019,San Juan,WA,Truck,0,0,0,5863,5863,0
January 31 2023,Snohomish,WA,Passenger,10586,2789,13375,530029,543404,2.46
August 31 2019,Columbia,WA,Passenger,2,2,4,2456,2460,0.16
August 31 2023,Yakima,WA,Truck,15,0,15,61023,61038,0.02
June 30 2022,Snohomish,WA,Truck,12,0,12,123847,123859,0.01
August 31 2020,Wahkiakum,WA,Truck,0,0,0,1745,1745,0
January 31 2022,Whitman,WA,Passenger,69,58,127,21942,22069,0.58
August 31 2017,Mason,WA,Passenger,59,71,130,43920,44050,0.3
September 30 2022,San Juan,WA,Passenger,535,162,697,13993,14690,4.74
June 30 2019,Okanogan,WA,Truck,0,0,0,16479,16479,0
April 30 2021,Clallam,WA,Passenger,309,206,515,50398,50913,1.01
August 31 2022,Cowlitz,WA,Passenger,353,172,525,70394,70919,0.74
December 31 2017,Skagit,WA,Truck,1,0,1,31727,31728,0
February 28 2018,Klickitat,WA,Truck,0,0,0,8030,8030,0
March 31 2019,Franklin,WA,Truck,0,0,0,19131,19131,0
April 30 2021,Clallam,WA,Truck,1,0,1,21984,21985,0
December 31 2019,Okanogan,WA,Passenger,30,30,60,26231,26291,0.23
September 30 2022,Franklin,WA,Truck,2,0,2,20915,20917,0.01
April 30 2018,Whitman,WA,Truck,0,0,0,8467,8467,0
March 31 2017,Grays Harbor,WA,Passenger,27,26,53,44413,44466,0.12
December 31 2018,Grant,WA,Truck,0,0,0,26254,26254,0
September 30 2022,Ferry,WA,Truck,0,0,0,3615,3615,0
May 31 2018,Jefferson,WA,Truck,0,0,0,9532,9532,0
May 31 2023,Pierce,WA,Truck,153,0,153,137361,137514,0.11
April 30 2018,Island,WA,Truck,0,0,0,20835,20835,0
January 31 2023,Okanogan,WA,Passenger,106,53,159,26127,26286,0.6
December 31 2018,Skamania,WA,Truck,0,0,0,4007,4007,0
March 31 2018,Douglas,WA,Truck,0,0,0,11856,11856,0
April 30 2022,Ferry,WA,Truck,0,0,0,3567,3567,0
January 31 2018,Skagit,WA,Truck,1,0,1,31836,31837,0
October 31 2017,Mason,WA,Passenger,61,72,133,44451,44584,0.3
June 30 2018,Thurston,WA,Truck,0,0,0,54327,54327,0
July 31 2021,Thurston,WA,Truck,0,0,0,56460,56460,0
May 31 2020,Ferry,WA,Passenger,5,3,8,4332,4340,0.18
February 28 2023,Mason,WA,Truck,9,0,9,20870,20879,0.04
May 31 2017,Franklin,WA,Truck,0,0,0,18087,18087,0
September 30 2023,Grays Harbor,WA,Passenger,342,206,548,48063,48611,1.13
July 31 2019,Skagit,WA,Passenger,307,210,517,92202,92719,0.56
May 31 2021,Columbia,WA,Truck,0,0,0,1551,1551,0
August 31 2018,Wahkiakum,WA,Truck,0,0,0,1691,1691,0
January 31 2018,Thurston,WA,Truck,0,0,0,53893,53893,0
November 30 2019,Lincoln,WA,Passenger,1,11,12,7799,7811,0.15
November 30 2020,Benton,WA,Passenger,425,348,773,134746,135519,0.57
July 31 2017,Kittitas,WA,Passenger,25,19,44,27676,27720,0.16
May 31 2017,Whatcom,WA,Truck,2,0,2,41519,41521,0
October 31 2021,Benton,WA,Passenger,593,426,1019,135935,136954,0.74
December 31 2018,Island,WA,Passenger,276,226,502,63157,63659,0.79
February 28 2019,Whitman,WA,Truck,0,0,0,8494,8494,0
August 31 2017,Whitman,WA,Passenger,11,22,33,22124,22157,0.15
April 30 2021,Okanogan,WA,Passenger,60,36,96,26402,26498,0.36
August 31 2019,Ferry,WA,Passenger,5,2,7,4415,4422,0.16
November 30 2019,Adams,WA,Truck,0,0,0,5182,5182,0
February 29 2020,Kitsap,WA,Passenger,1273,661,1934,182253,184187,1.05
July 31 2020,Thurston,WA,Passenger,1175,743,1918,197029,198947,0.96
February 29 2024,Clallam,WA,Passenger,691,325,1016,47384,48400,2.1
October 31 2020,Asotin,WA,Passenger,17,14,31,12396,12427,0.25
February 29 2020,Clark,WA,Truck,0,0,0,81967,81967,0
June 30 2022,Skagit,WA,Truck,3,0,3,32329,32332,0.01
November 30 2020,Island,WA,Passenger,480,288,768,62862,63630,1.21
February 28 2021,Walla Walla,WA,Passenger,105,69,174,36123,36297,0.48
May 31 2022,Thurston,WA,Passenger,2125,1027,3152,194149,197301,1.6
November 30 2020,Walla Walla,WA,Truck,0,0,0,13817,13817,0
February 28 2017,Garfield,WA,Truck,0,0,0,933,933,0
November 30 2017,Pierce,WA,Truck,0,0,0,137008,137008,0
December 31 2023,Columbia,WA,Truck,0,0,0,1541,1541,0
June 30 2019,Jefferson,WA,Passenger,197,119,316,24991,25307,1.25
June 30 2023,Columbia,WA,Passenger,11,1,12,2412,2424,0.5
August 31 2022,Whatcom,WA,Truck,13,0,13,43116,43129,0.03
April 30 2020,Douglas,WA,Truck,0,0,0,12266,12266,0
February 29 2024,Walla Walla,WA,Truck,9,0,9,13161,13170,0.07
April 30 2022,Whatcom,WA,Passenger,1775,717,2492,148961,151453,1.65
March 31 2020,Wahkiakum,WA,Passenger,6,5,11,3006,3017,0.36
July 31 2022,Pierce,WA,Passenger,5243,2334,7577,543194,550771,1.38
March 31 2018,Yakima,WA,Truck,0,0,0,58171,58171,0
September 30 2021,Okanogan,WA,Truck,0,0,0,16692,16692,0
May 31 2023,Grant,WA,Passenger,277,122,399,67091,67490,0.59
December 31 2022,Skagit,WA,Truck,11,0,11,32119,32130,0.03
January 31 2018,Pacific,WA,Passenger,15,13,28,15447,15475,0.18
February 28 2017,Grant,WA,Truck,0,0,0,24996,24996,0
September 30 2020,Adams,WA,Passenger,8,7,15,12913,12928,0.12
November 30 2023,Wahkiakum,WA,Truck,4,0,4,1751,1755,0.23
March 31 2021,Asotin,WA,Passenger,17,14,31,12562,12593,0.25
January 31 2024,Island,WA,Truck,44,0,44,20455,20499,0.21
October 31 2020,Whitman,WA,Truck,0,0,0,8490,8490,0
June 30 2021,Stevens,WA,Truck,0,0,0,18944,18944,0
July 31 2020,Ferry,WA,Truck,0,0,0,3569,3569,0
December 31 2017,Lincoln,WA,Truck,0,0,0,4493,4493,0
February 28 2021,Grant,WA,Truck,0,0,0,27656,27656,0
August 31 2023,Mason,WA,Truck,13,0,13,20587,20600,0.06
July 31 2021,Island,WA,Truck,0,0,0,21541,21541,0
October 31 2020,Kitsap,WA,Passenger,1464,729,2193,179622,181815,1.21
November 30 2022,Thurston,WA,Passenger,2553,1114,3667,192185,195852,1.87
May 31 2023,Snohomish,WA,Truck,161,0,161,121661,121822,0.13
November 30 2023,Franklin,WA,Passenger,375,159,534,61859,62393,0.86
November 30 2017,Grays Harbor,WA,Truck,0,0,0,20016,20016,0
May 31 2019,Skagit,WA,Truck,1,0,1,32414,32415,0
February 29 2024,Benton,WA,Passenger,1434,656,2090,131226,133316,1.57
July 31 2021,Okanogan,WA,Passenger,65,43,108,26526,26634,0.41
December 31 2021,Douglas,WA,Truck,0,0,0,12695,12695,0
April 30 2017,Cowlitz,WA,Truck,0,0,0,27853,27853,0
May 31 2020,Kittitas,WA,Truck,0,0,0,14554,14554,0
September 30 2021,Island,WA,Truck,0,0,0,21541,21541,0
March 31 2021,Wahkiakum,WA,Passenger,9,7,16,3083,3099,0.52
May 31 2018,Franklin,WA,Truck,0,0,0,18642,18642,0
December 31 2023,Snohomish,WA,Passenger,15930,3552,19482,520819,540301,3.61
November 30 2021,Walla Walla,WA,Truck,0,0,0,14077,14077,0
December 31 2021,Okanogan,WA,Passenger,69,45,114,26586,26700,0.43
December 31 2017,Skamania,WA,Truck,0,0,0,3897,3897,0
March 31 2019,Pend Oreille,WA,Passenger,5,5,10,9471,9481,0.11
July 31 2018,King,WA,Truck,7,1,8,182950,182958,0
September 30 2023,Pacific,WA,Passenger,86,97,183,15497,15680,1.17
June 30 2022,Whatcom,WA,Truck,7,0,7,43333,43340,0.02
January 31 2018,Pierce,WA,Truck,0,0,0,137129,137129,0
November 30 2018,Walla Walla,WA,Truck,0,0,0,13519,13519,0
April 30 2017,Thurston,WA,Passenger,385,319,704,185688,186392,0.38
November 30 2018,Clark,WA,Truck,0,0,0,79734,79734,0
August 31 2019,Yakima,WA,Passenger,112,108,220,165610,165830,0.13
April 30 2023,Lewis,WA,Passenger,301,198,499,58920,59419,0.84
December 31 2023,Whitman,WA,Passenger,198,97,295,21697,21992,1.34
October 31 2022,Skamania,WA,Passenger,85,51,136,8089,8225,1.65
March 31 2019,Walla Walla,WA,Passenger,44,56,100,36064,36164,0.28
December 31 2020,Whatcom,WA,Truck,3,0,3,43536,43539,0.01
May 31 2018,Clallam,WA,Passenger,119,110,229,49790,50019,0.46
November 30 2023,Pacific,WA,Truck,5,0,5,7794,7799,0.06
November 30 2023,King,WA,Truck,961,2,963,171734,172697,0.56
January 31 2017,Grant,WA,Passenger,16,21,37,60379,60416,0.06
February 28 2019,Wahkiakum,WA,Truck,0,0,0,1720,1720,0
August 31 2019,Island,WA,Passenger,335,245,580,63426,64006,0.91
June 30 2020,Jefferson,WA,Truck,0,0,0,9530,9530,0
March 31 2019,Asotin,WA,Truck,0,0,0,6631,6631,0
May 31 2022,Grant,WA,Truck,0,0,0,27982,27982,0
November 30 2021,Okanogan,WA,Passenger,67,43,110,26586,26696,0.41
November 30 2022,Skamania,WA,Truck,0,0,0,3892,3892,0
May 31 2021,Snohomish,WA,Passenger,5724,2000,7724,540129,547853,1.41
July 31 2020,Yakima,WA,Truck,0,0,0,60193,60193,0
April 30 2021,Cowlitz,WA,Truck,0,0,0,29168,29168,0
November 30 2018,Stevens,WA,Passenger,16,27,43,31778,31821,0.14
October 31 2021,Okanogan,WA,Passenger,66,44,110,26560,26670,0.41
July 31 2018,Asotin,WA,Truck,0,0,0,6627,6627,0
January 31 2020,Kittitas,WA,Truck,0,0,0,14667,14667,0
February 28 2017,Whitman,WA,Truck,0,0,0,8401,8401,0
March 31 2019,Yakima,WA,Passenger,89,102,191,164184,164375,0.12
June 30 2019,Okanogan,WA,Passenger,22,25,47,26072,26119,0.18
December 31 2022,Pend Oreille,WA,Passenger,21,13,34,8944,8978,0.38
April 30 2018,Stevens,WA,Truck,0,0,0,18506,18506,0
February 28 2017,Chelan,WA,Passenger,55,29,84,51756,51840,0.16
August 31 2017,Spokane,WA,Passenger,268,220,488,297378,297866,0.16
April 30 2022,Lincoln,WA,Passenger,7,18,25,7665,7690,0.33
January 31 2018,Ferry,WA,Passenger,1,3,4,4408,4412,0.09
April 30 2023,San Juan,WA,Passenger,600,175,775,13831,14606,5.31
February 29 2020,Adams,WA,Truck,0,0,0,5219,5219,0
February 28 2018,Clark,WA,Truck,0,0,0,78561,78561,0
August 31 2021,Yakima,WA,Passenger,248,163,411,168854,169265,0.24
August 31 2020,Chelan,WA,Truck,0,0,0,22666,22666,0
February 29 2020,Benton,WA,Truck,0,0,0,42573,42573,0
May 31 2019,Pacific,WA,Truck,0,0,0,7657,7657,0
July 31 2021,Pend Oreille,WA,Truck,0,0,0,5743,5743,0
January 31 2017,Whatcom,WA,Truck,2,0,2,41338,41340,0
June 30 2017,Yakima,WA,Passenger,45,57,102,159389,159491,0.06
January 31 2020,Skamania,WA,Passenger,29,18,47,8764,8811,0.53
June 30 2019,Columbia,WA,Passenger,2,2,4,2451,2455,0.16
March 31 2020,Pend Oreille,WA,Passenger,8,7,15,9369,9384,0.16
September 30 2018,Klickitat,WA,Truck,0,0,0,8133,8133,0
October 31 2023,Franklin,WA,Truck,7,0,7,20812,20819,0.03
October 31 2023,Lincoln,WA,Truck,0,0,0,4786,4786,0
September 30 2019,Spokane,WA,Passenger,595,445,1040,313492,314532,0.33
March 31 2022,Garfield,WA,Passenger,0,3,3,1330,1333,0.23
December 31 2019,Garfield,WA,Truck,0,0,0,967,967,0
February 28 2018,Island,WA,Passenger,165,172,337,61853,62190,0.54
December 31 2023,Okanogan,WA,Passenger,161,75,236,25716,25952,0.91
February 28 2021,Skamania,WA,Truck,0,0,0,4028,4028,0
August 31 2023,Kitsap,WA,Truck,84,0,84,52093,52177,0.16
October 31 2021,Douglas,WA,Passenger,103,51,154,28570,28724,0.54
February 28 2022,Asotin,WA,Truck,0,0,0,6737,6737,0
August 31 2022,Lincoln,WA,Truck,0,0,0,4843,4843,0
March 31 2017,Skagit,WA,Passenger,118,91,209,87514,87723,0.24
April 30 2023,Pacific,WA,Passenger,77,90,167,15618,15785,1.06
September 30 2020,Clallam,WA,Truck,1,0,1,21767,21768,0
June 30 2019,Kitsap,WA,Truck,1,0,1,54084,54085,0
June 30 2021,Whitman,WA,Truck,0,0,0,8589,8589,0
May 31 2018,Klickitat,WA,Truck,0,0,0,8080,8080,0
June 30 2023,Stevens,WA,Passenger,113,68,181,29699,29880,0.61
September 30 2019,Kittitas,WA,Truck,0,0,0,14569,14569,0
July 31 2021,Douglas,WA,Truck,0,0,0,12692,12692,0
November 30 2021,Grays Harbor,WA,Truck,0,0,0,21423,21423,0
May 31 2018,Lincoln,WA,Truck,0,0,0,4536,4536,0
August 31 2019,Kitsap,WA,Truck,1,0,1,54150,54151,0
July 31 2022,Okanogan,WA,Truck,1,0,1,16575,16576,0.01
May 31 2019,Douglas,WA,Passenger,56,36,92,28001,28093,0.33
February 28 2017,Adams,WA,Passenger,2,2,4,12125,12129,0.03
January 31 2021,Thurston,WA,Truck,0,0,0,56434,56434,0
April 30 2021,Klickitat,WA,Truck,0,0,0,8244,8244,0
June 30 2017,Whitman,WA,Passenger,10,20,30,22035,22065,0.14
December 31 2022,King,WA,Truck,386,2,388,178237,178625,0.22
September 30 2020,Clallam,WA,Passenger,245,173,418,49885,50303,0.83
February 29 2024,Columbia,WA,Passenger,12,0,12,2326,2338,0.51
June 30 2019,Lewis,WA,Passenger,99,94,193,59115,59308,0.33
October 31 2018,Thurston,WA,Truck,0,0,0,54801,54801,0
October 31 2018,Skamania,WA,Truck,0,0,0,3983,3983,0
April 30 2018,Walla Walla,WA,Passenger,34,40,74,35453,35527,0.21
March 31 2023,Whatcom,WA,Truck,48,0,48,42912,42960,0.11
May 31 2017,Columbia,WA,Truck,0,0,0,1538,1538,0
September 30 2023,Wahkiakum,WA,Passenger,27,19,46,3045,3091,1.49
December 31 2020,Jefferson,WA,Truck,0,0,0,9585,9585,0
August 31 2021,Skamania,WA,Truck,0,0,0,4032,4032,0
January 31 2023,Kitsap,WA,Passenger,2834,1159,3993,176793,180786,2.21
October 31 2018,San Juan,WA,Passenger,169,69,238,14203,14441,1.65
September 30 2017,Walla Walla,WA,Truck,0,0,0,13244,13244,0
August 31 2023,Benton,WA,Passenger,1207,592,1799,135201,137000,1.31
October 31 2021,Garfield,WA,Truck,0,0,0,998,998,0
November 30 2021,Grays Harbor,WA,Passenger,191,155,346,49483,49829,0.69
June 30 2018,Walla Walla,WA,Passenger,34,43,77,35660,35737,0.22
April 30 2023,Whitman,WA,Passenger,138,72,210,21990,22200,0.95
November 30 2017,Garfield,WA,Truck,0,0,0,936,936,0
July 31 2023,Skamania,WA,Passenger,112,57,169,8051,8220,2.06
January 31 2020,Clark,WA,Truck,0,0,0,81756,81756,0
November 30 2017,Lewis,WA,Passenger,53,41,94,56419,56513,0.17
February 29 2020,Mason,WA,Truck,0,0,0,20596,20596,0
March 31 2022,Clark,WA,Truck,2,0,2,83449,83451,0
January 31 2021,Lincoln,WA,Passenger,6,12,18,7630,7648,0.24
June 30 2018,Douglas,WA,Passenger,43,31,74,27651,27725,0.27
October 31 2020,Garfield,WA,Truck,0,0,0,989,989,0
July 31 2019,Garfield,WA,Truck,0,0,0,959,959,0
November 30 2018,Ferry,WA,Truck,0,0,0,3581,3581,0
August 31 2017,Whatcom,WA,Truck,2,0,2,41766,41768,0
November 30 2023,Klickitat,WA,Passenger,177,70,247,15002,15249,1.62
June 30 2019,Clallam,WA,Truck,1,0,1,21736,21737,0
January 31 2021,Benton,WA,Passenger,451,358,809,135105,135914,0.6
April 30 2021,Cowlitz,WA,Passenger,211,134,345,72504,72849,0.47
February 28 2021,Asotin,WA,Passenger,17,14,31,12479,12510,0.25
May 31 2018,Spokane,WA,Truck,1,0,1,92356,92357,0
May 31 2019,Columbia,WA,Truck,0,0,0,1532,1532,0
January 31 2019,Skamania,WA,Passenger,18,15,33,8737,8770,0.38
May 31 2021,Ferry,WA,Truck,0,0,0,3662,3662,0
March 31 2020,Pierce,WA,Truck,0,0,0,141559,141559,0
March 31 2023,Chelan,WA,Truck,23,0,23,23152,23175,0.1
January 31 2021,San Juan,WA,Truck,0,0,0,5863,5863,0
September 30 2019,Chelan,WA,Truck,0,0,0,22418,22418,0
June 30 2023,Chelan,WA,Passenger,639,163,802,54249,55051,1.46
June 30 2020,Pacific,WA,Truck,0,0,0,7698,7698,0
November 30 2019,Clark,WA,Passenger,1806,1026,2832,317463,320295,0.88
February 28 2022,Whitman,WA,Passenger,70,56,126,21991,22117,0.57
October 31 2018,Adams,WA,Passenger,5,5,10,12716,12726,0.08
April 30 2023,Lincoln,WA,Passenger,18,17,35,7667,7702,0.45
June 30 2023,Asotin,WA,Passenger,36,22,58,12412,12470,0.47
February 28 2022,Columbia,WA,Truck,0,0,0,1571,1571,0
November 30 2022,Mason,WA,Passenger,359,188,547,46894,47441,1.15
January 31 2023,Thurston,WA,Passenger,2696,1143,3839,191630,195469,1.96
November 30 2023,Spokane,WA,Truck,54,0,54,100848,100902,0.05
October 31 2018,Skamania,WA,Passenger,18,12,30,8725,8755,0.34
June 30 2022,Kittitas,WA,Passenger,266,84,350,29748,30098,1.16
October 31 2020,Lincoln,WA,Truck,0,0,0,4659,4659,0
December 31 2018,Benton,WA,Truck,0,0,0,41560,41560,0
August 31 2022,Stevens,WA,Passenger,76,56,132,29999,30131,0.44
March 31 2018,San Juan,WA,Passenger,140,50,190,13932,14122,1.35
November 30 2020,Columbia,WA,Passenger,4,3,7,2438,2445,0.29
September 30 2020,Snohomish,WA,Truck,0,0,0,124924,124924,0
December 31 2023,Clark,WA,Truck,152,0,152,79790,79942,0.19
November 30 2019,Kitsap,WA,Truck,1,0,1,54392,54393,0
February 29 2020,Mason,WA,Passenger,150,133,283,47581,47864,0.59
December 31 2022,Pacific,WA,Truck,2,0,2,7831,7833,0.03
June 30 2017,Columbia,WA,Truck,0,0,0,1532,1532,0
July 31 2020,Kitsap,WA,Truck,0,0,0,54127,54127,0
October 31 2018,Walla Walla,WA,Truck,0,0,0,13508,13508,0
December 31 2020,Kittitas,WA,Passenger,127,51,178,29818,29996,0.59
July 31 2021,Lewis,WA,Truck,0,0,0,26761,26761,0
April 30 2023,Kitsap,WA,Passenger,3059,1229,4288,176037,180325,2.38
August 31 2020,Clallam,WA,Truck,1,0,1,21698,21699,0
January 31 2021,Kitsap,WA,Truck,0,0,0,54273,54273,0
January 31 2017,King,WA,Passenger,8802,3620,12422,1387172,1399594,0.89
March 31 2023,Columbia,WA,Truck,0,0,0,1572,1572,0
May 31 2019,Grays Harbor,WA,Passenger,73,84,157,47835,47992,0.33
December 31 2023,Chelan,WA,Truck,40,0,40,22793,22833,0.18
July 31 2020,Ferry,WA,Passenger,7,3,10,4331,4341,0.23
September 30 2020,Grays Harbor,WA,Passenger,115,116,231,48468,48699,0.47
July 31 2021,Walla Walla,WA,Truck,0,0,0,14053,14053,0
April 30 2019,Kitsap,WA,Truck,1,0,1,53864,53865,0
March 31 2023,Asotin,WA,Truck,0,0,0,6637,6637,0
February 28 2017,Grant,WA,Passenger,16,21,37,60186,60223,0.06
January 31 2024,Garfield,WA,Passenger,0,3,3,1287,1290,0.23
August 31 2019,Spokane,WA,Truck,1,0,1,95509,95510,0
April 30 2022,Skagit,WA,Truck,1,0,1,32462,32463,0
December 31 2022,Walla Walla,WA,Truck,3,0,3,13870,13873,0.02
August 31 2023,Whitman,WA,Truck,5,0,5,8671,8676,0.06
May 31 2019,Whitman,WA,Passenger,31,45,76,22702,22778,0.33
February 28 2021,Lincoln,WA,Passenger,6,13,19,7646,7665,0.25
October 31 2018,Douglas,WA,Passenger,47,33,80,27892,27972,0.29
June 30 2017,Franklin,WA,Passenger,26,45,71,55608,55679,0.13
March 31 2021,Yakima,WA,Truck,0,0,0,61378,61378,0
January 31 2024,Thurston,WA,Truck,95,0,95,52363,52458,0.18
June 30 2023,Cowlitz,WA,Passenger,476,218,694,69920,70614,0.98
April 30 2017,Snohomish,WA,Truck,1,0,1,122007,122008,0
December 31 2018,Stevens,WA,Passenger,16,27,43,31773,31816,0.14
February 28 2018,Mason,WA,Passenger,64,78,142,45042,45184,0.31
September 30 2019,Whitman,WA,Truck,0,0,0,8606,8606,0
October 31 2021,Columbia,WA,Truck,0,0,0,1536,1536,0
June 30 2023,Thurston,WA,Passenger,3111,1238,4349,190274,194623,2.23
July 31 2019,Okanogan,WA,Passenger,23,26,49,26117,26166,0.19
January 31 2018,Douglas,WA,Passenger,43,33,76,27225,27301,0.28
November 30 2020,Kittitas,WA,Passenger,125,52,177,29739,29916,0.59
December 31 2022,Grant,WA,Truck,4,0,4,28030,28034,0.01
July 31 2021,Walla Walla,WA,Passenger,115,76,191,36551,36742,0.52
December 31 2019,Franklin,WA,Truck,0,0,0,19775,19775,0
May 31 2020,Klickitat,WA,Truck,0,0,0,8119,8119,0
June 30 2023,Okanogan,WA,Truck,7,0,7,16458,16465,0.04
August 31 2020,San Juan,WA,Truck,0,0,0,5835,5835,0
September 30 2023,Clallam,WA,Passenger,613,303,916,48894,49810,1.84
September 30 2022,Franklin,WA,Passenger,231,112,343,61847,62190,0.55
October 31 2020,Okanogan,WA,Passenger,47,36,83,25984,26067,0.32
September 30 2018,Stevens,WA,Passenger,13,27,40,31691,31731,0.13
January 31 2018,Yakima,WA,Passenger,60,76,136,162498,162634,0.08
October 31 2018,Wahkiakum,WA,Truck,0,0,0,1701,1701,0
March 31 2022,Benton,WA,Passenger,696,444,1140,135677,136817,0.83
May 31 2021,Thurston,WA,Passenger,1543,851,2394,197878,200272,1.2
September 30 2020,Island,WA,Passenger,444,281,725,62815,63540,1.14
September 30 2017,Skamania,WA,Truck,0,0,0,3878,3878,0
February 28 2022,Douglas,WA,Truck,0,0,0,12682,12682,0
April 30 2023,Benton,WA,Truck,19,0,19,43282,43301,0.04
February 28 2023,Clallam,WA,Truck,12,0,12,21831,21843,0.05
March 31 2018,Jefferson,WA,Truck,0,0,0,9509,9509,0
April 30 2020,Wahkiakum,WA,Truck,0,0,0,1760,1760,0
September 30 2017,Thurston,WA,Truck,0,0,0,53501,53501,0
February 29 2024,Island,WA,Passenger,1333,488,1821,59372,61193,2.98
March 31 2022,Adams,WA,Passenger,16,11,27,12970,12997,0.21
August 31 2021,Columbia,WA,Passenger,7,2,9,2456,2465,0.37
April 30 2020,Walla Walla,WA,Truck,0,0,0,13620,13620,0
April 30 2023,Klickitat,WA,Passenger,139,60,199,15168,15367,1.29
December 31 2022,Kitsap,WA,Truck,33,0,33,52866,52899,0.06
June 30 2017,Clallam,WA,Passenger,90,76,166,48374,48540,0.34
October 31 2017,Lewis,WA,Passenger,53,41,94,56276,56370,0.17
July 31 2017,Pend Oreille,WA,Passenger,3,4,7,9321,9328,0.08
September 30 2023,Asotin,WA,Truck,0,0,0,6616,6616,0
November 30 2023,Asotin,WA,Passenger,41,25,66,12241,12307,0.54
November 30 2020,Benton,WA,Truck,0,0,0,43107,43107,0
January 31 2024,Mason,WA,Passenger,557,234,791,45268,46059,1.72
August 31 2021,Ferry,WA,Passenger,9,3,12,4387,4399,0.27
January 31 2023,Mason,WA,Passenger,379,190,569,46742,47311,1.2
November 30 2018,Lincoln,WA,Truck,0,0,0,4629,4629,0
April 30 2017,Okanogan,WA,Truck,0,0,0,16256,16256,0
February 28 2022,Kittitas,WA,Truck,0,0,0,14754,14754,0
March 31 2022,Skamania,WA,Passenger,65,45,110,8262,8372,1.31
March 31 2019,Garfield,WA,Truck,0,0,0,953,953,0
December 31 2022,Wahkiakum,WA,Truck,1,0,1,1786,1787,0.06
September 30 2017,Whatcom,WA,Passenger,496,190,686,143836,144522,0.47
April 30 2018,Kittitas,WA,Passenger,41,32,73,28771,28844,0.25
April 30 2019,Thurston,WA,Truck,0,0,0,55019,55019,0
October 31 2018,Garfield,WA,Truck,0,0,0,959,959,0
February 28 2022,Skamania,WA,Truck,0,0,0,3997,3997,0
March 31 2022,Skagit,WA,Truck,1,0,1,32530,32531,0
June 30 2018,Benton,WA,Truck,0,0,0,41026,41026,0
March 31 2017,Whitman,WA,Passenger,9,18,27,21933,21960,0.12
May 31 2022,Chelan,WA,Truck,2,0,2,23057,23059,0.01
January 31 2022,Island,WA,Truck,1,0,1,21445,21446,0
January 31 2024,Okanogan,WA,Truck,8,0,8,15955,15963,0.05
July 31 2022,Whatcom,WA,Passenger,1864,754,2618,148670,151288,1.73
June 30 2022,Clallam,WA,Passenger,421,249,670,49763,50433,1.33
October 31 2023,Grays Harbor,WA,Passenger,354,214,568,47939,48507,1.17
January 31 2023,Thurston,WA,Truck,42,0,42,54544,54586,0.08
August 31 2019,Benton,WA,Passenger,279,291,570,134317,134887,0.42
November 30 2019,Snohomish,WA,Truck,0,0,0,123152,123152,0
February 29 2020,San Juan,WA,Truck,0,0,0,5922,5922,0
May 31 2023,Douglas,WA,Passenger,198,60,258,28737,28995,0.89
September 30 2020,Pacific,WA,Truck,0,0,0,7741,7741,0
April 30 2021,Snohomish,WA,Passenger,5583,1965,7548,540287,547835,1.38
November 30 2019,Mason,WA,Truck,0,0,0,20500,20500,0
June 30 2021,Island,WA,Truck,0,0,0,21593,21593,0
May 31 2021,Whitman,WA,Truck,0,0,0,8575,8575,0
September 30 2023,Pend Oreille,WA,Truck,0,0,0,5592,5592,0
June 30 2019,Snohomish,WA,Truck,0,0,0,122364,122364,0
March 31 2019,Cowlitz,WA,Truck,0,0,0,28777,28777,0
July 31 2018,Whitman,WA,Passenger,19,28,47,22656,22703,0.21
December 31 2020,Klickitat,WA,Passenger,62,43,105,14976,15081,0.7
May 31 2023,Skagit,WA,Truck,19,0,19,31933,31952,0.06
September 30 2020,Skamania,WA,Passenger,32,21,53,8368,8421,0.63
August 31 2018,Walla Walla,WA,Passenger,34,48,82,35872,35954,0.23
October 31 2019,Lincoln,WA,Truck,0,0,0,4691,4691,0
February 28 2017,Thurston,WA,Passenger,351,309,660,184859,185519,0.36
January 31 2018,Jefferson,WA,Passenger,124,80,204,24348,24552,0.83
February 28 2022,Kitsap,WA,Truck,0,0,0,54030,54030,0
January 31 2018,Cowlitz,WA,Truck,0,0,0,28198,28198,0
May 31 2020,Pend Oreille,WA,Truck,0,0,0,5739,5739,0
December 31 2017,Clallam,WA,Truck,0,0,0,21220,21220,0
November 30 2020,Kitsap,WA,Truck,0,0,0,54268,54268,0
August 31 2021,Asotin,WA,Truck,0,0,0,6752,6752,0
June 30 2023,Chelan,WA,Truck,31,0,31,23158,23189,0.13
August 31 2021,Ferry,WA,Truck,0,0,0,3633,3633,0
January 31 2019,Wahkiakum,WA,Truck,0,0,0,1711,1711,0
July 31 2022,Adams,WA,Passenger,19,10,29,12918,12947,0.22
September 30 2018,Lewis,WA,Passenger,84,68,152,57933,58085,0.26
May 31 2023,Adams,WA,Passenger,25,12,37,13071,13108,0.28
August 31 2018,Chelan,WA,Truck,0,0,0,21982,21982,0
December 31 2023,Garfield,WA,Passenger,0,3,3,1296,1299,0.23
April 30 2018,Skagit,WA,Truck,1,0,1,31978,31979,0
June 30 2023,Grant,WA,Truck,11,0,11,28104,28115,0.04
August 31 2021,Pierce,WA,Passenger,3773,2027,5800,558634,564434,1.03
September 30 2022,Mason,WA,Passenger,338,176,514,46897,47411,1.08
February 28 2018,Kittitas,WA,Passenger,37,27,64,28685,28749,0.22
June 30 2023,Kitsap,WA,Truck,76,0,76,52317,52393,0.15
January 31 2024,Stevens,WA,Truck,3,0,3,18253,18256,0.02
June 30 2022,Whitman,WA,Passenger,87,60,147,21978,22125,0.66
May 31 2019,Asotin,WA,Truck,0,0,0,6653,6653,0
May 31 2020,Garfield,WA,Truck,0,0,0,965,965,0
May 31 2018,Pierce,WA,Truck,0,0,0,137521,137521,0
June 30 2018,Wahkiakum,WA,Truck,0,0,0,1675,1675,0
November 30 2020,Pend Oreille,WA,Passenger,9,4,13,9142,9155,0.14
December 31 2021,Skagit,WA,Truck,1,0,1,32683,32684,0
June 30 2019,Douglas,WA,Passenger,57,37,94,28027,28121,0.33
February 28 2017,Kitsap,WA,Passenger,561,280,841,172093,172934,0.49
November 30 2017,Skamania,WA,Truck,0,0,0,3894,3894,0
February 28 2017,Chelan,WA,Truck,0,0,0,21248,21248,0
December 31 2018,Whitman,WA,Truck,0,0,0,8546,8546,0
January 31 2021,King,WA,Passenger,27786,8322,36108,1366593,1402701,2.57
June 30 2018,Whatcom,WA,Truck,2,0,2,42287,42289,0
March 31 2018,Wahkiakum,WA,Truck,0,0,0,1668,1668,0
December 31 2023,Benton,WA,Truck,36,0,36,42425,42461,0.08
August 31 2022,Columbia,WA,Passenger,8,0,8,2435,2443,0.33
May 31 2023,Stevens,WA,Truck,1,0,1,18760,18761,0.01
November 30 2020,Pacific,WA,Truck,0,0,0,7761,7761,0
April 30 2020,Whitman,WA,Truck,0,0,0,8534,8534,0
February 28 2023,Clark,WA,Truck,70,0,70,81591,81661,0.09
April 30 2022,Pend Oreille,WA,Passenger,16,10,26,9022,9048,0.29
November 30 2020,Okanogan,WA,Truck,0,0,0,16570,16570,0
April 30 2020,Grant,WA,Passenger,59,71,130,65255,65385,0.2
March 31 2017,Walla Walla,WA,Passenger,20,22,42,34822,34864,0.12
September 30 2023,Lewis,WA,Truck,8,0,8,25793,25801,0.03
November 30 2017,Grant,WA,Truck,0,0,0,25519,25519,0
March 31 2023,Walla Walla,WA,Truck,5,0,5,13793,13798,0.04
October 31 2018,Ferry,WA,Passenger,3,2,5,4407,4412,0.11
November 30 2018,Cowlitz,WA,Passenger,69,91,160,72368,72528,0.22
February 28 2022,Walla Walla,WA,Passenger,152,90,242,36217,36459,0.66
February 28 2021,Klickitat,WA,Truck,0,0,0,8114,8114,0
May 31 2019,Cowlitz,WA,Passenger,95,107,202,72901,73103,0.28
December 31 2022,Garfield,WA,Truck,0,0,0,973,973,0
November 30 2019,Skagit,WA,Truck,1,0,1,32536,32537,0
August 31 2019,Lewis,WA,Passenger,105,98,203,59359,59562,0.34
July 31 2023,Walla Walla,WA,Passenger,226,114,340,35404,35744,0.95
March 31 2023,Lincoln,WA,Passenger,18,17,35,7708,7743,0.45
August 31 2018,Island,WA,Truck,0,0,0,21037,21037,0
August 31 2023,Clallam,WA,Truck,19,0,19,21646,21665,0.09
July 31 2017,Whitman,WA,Truck,0,0,0,8427,8427,0
May 31 2022,Columbia,WA,Passenger,7,0,7,2439,2446,0.29
May 31 2017,Pacific,WA,Passenger,9,7,16,15133,15149,0.11
February 28 2023,Whitman,WA,Truck,4,0,4,8650,8654,0.05
February 28 2018,Thurston,WA,Truck,0,0,0,53920,53920,0
August 31 2020,Kittitas,WA,Truck,0,0,0,14557,14557,0
September 30 2021,Lincoln,WA,Truck,0,0,0,4783,4783,0
July 31 2019,Clark,WA,Truck,0,0,0,80601,80601,0
December 31 2019,Jefferson,WA,Passenger,217,134,351,25182,25533,1.37
August 31 2017,Jefferson,WA,Truck,0,0,0,9424,9424,0
October 31 2017,Benton,WA,Passenger,164,155,319,129399,129718,0.25
March 31 2021,Walla Walla,WA,Passenger,107,72,179,36274,36453,0.49
June 30 2019,Skamania,WA,Passenger,23,18,41,8720,8761,0.47
February 28 2023,Pacific,WA,Passenger,72,82,154,15667,15821,0.97
December 31 2022,Yakima,WA,Truck,6,0,6,61173,61179,0.01
May 31 2020,Jefferson,WA,Passenger,233,141,374,24820,25194,1.48
July 31 2018,Klickitat,WA,Passenger,24,31,55,15219,15274,0.36
September 30 2017,Douglas,WA,Truck,0,0,0,11593,11593,0
November 30 2019,Cowlitz,WA,Truck,0,0,0,29024,29024,0
May 31 2022,Adams,WA,Truck,0,0,0,5473,5473,0
January 31 2024,Franklin,WA,Truck,10,0,10,20402,20412,0.05
April 30 2022,Wahkiakum,WA,Truck,0,0,0,1815,1815,0
February 28 2018,Grays Harbor,WA,Truck,0,0,0,20111,20111,0
May 31 2017,Adams,WA,Truck,0,0,0,5079,5079,0
January 31 2022,King,WA,Truck,14,1,15,182593,182608,0.01
August 31 2018,Franklin,WA,Truck,0,0,0,18791,18791,0
June 30 2018,Cowlitz,WA,Passenger,55,74,129,71729,71858,0.18
December 31 2021,Klickitat,WA,Truck,0,0,0,8326,8326,0
December 31 2017,Pacific,WA,Truck,0,0,0,7544,7544,0
April 30 2017,Spokane,WA,Passenger,236,208,444,295717,296161,0.15
December 31 2021,Benton,WA,Passenger,637,445,1082,136029,137111,0.79
September 30 2021,Columbia,WA,Truck,0,0,0,1536,1536,0
January 31 2020,Whitman,WA,Truck,0,0,0,8569,8569,0
July 31 2017,Clark,WA,Truck,0,0,0,77729,77729,0
September 30 2020,Skagit,WA,Truck,1,0,1,32635,32636,0
November 30 2018,King,WA,Truck,6,1,7,182729,182736,0
January 31 2024,King,WA,Truck,1103,2,1105,168913,170018,0.65
May 31 2022,Grays Harbor,WA,Passenger,205,158,363,49061,49424,0.73
June 30 2022,Yakima,WA,Truck,1,0,1,61390,61391,0
November 30 2020,Mason,WA,Passenger,169,133,302,47483,47785,0.63
January 31 2022,Franklin,WA,Truck,0,0,0,20880,20880,0
February 28 2023,Douglas,WA,Truck,6,0,6,12880,12886,0.05
January 31 2019,Franklin,WA,Passenger,49,68,117,59315,59432,0.2
February 28 2023,Klickitat,WA,Truck,4,0,4,8273,8277,0.05
September 30 2021,Pacific,WA,Truck,0,0,0,7995,7995,0
July 31 2023,Clallam,WA,Passenger,569,294,863,49016,49879,1.73
April 30 2018,Lincoln,WA,Passenger,2,6,8,7612,7620,0.1
January 31 2024,Clark,WA,Passenger,7289,2665,9954,307276,317230,3.14
January 31 2019,King,WA,Passenger,17165,6677,23842,1380705,1404547,1.7
June 30 2022,Kitsap,WA,Passenger,2389,1053,3442,178360,181802,1.89
December 31 2017,Columbia,WA,Truck,0,0,0,1541,1541,0
January 31 2019,Garfield,WA,Passenger,1,1,2,1331,1333,0.15
November 30 2020,Skagit,WA,Passenger,481,235,716,91376,92092,0.78
October 31 2018,Columbia,WA,Truck,0,0,0,1518,1518,0
May 31 2023,King,WA,Passenger,55640,14208,69848,1323539,1393387,5.01
April 30 2017,Snohomish,WA,Passenger,1709,860,2569,512718,515287,0.5
November 30 2021,Clallam,WA,Passenger,372,238,610,50502,51112,1.19
July 31 2019,Grays Harbor,WA,Passenger,82,85,167,47991,48158,0.35
July 31 2019,Ferry,WA,Passenger,5,2,7,4400,4407,0.16
May 31 2019,Pierce,WA,Truck,0,0,0,139617,139617,0
November 30 2019,Yakima,WA,Truck,0,0,0,59582,59582,0
February 28 2018,Ferry,WA,Passenger,1,3,4,4395,4399,0.09
March 31 2017,King,WA,Truck,8,1,9,189740,189749,0
April 30 2021,Chelan,WA,Passenger,314,93,407,54666,55073,0.74
October 31 2022,Wahkiakum,WA,Passenger,24,12,36,3061,3097,1.16
November 30 2018,Island,WA,Truck,0,0,0,21164,21164,0
February 28 2017,Stevens,WA,Truck,0,0,0,18331,18331,0
October 31 2017,Whatcom,WA,Passenger,510,202,712,144292,145004,0.49
January 31 2018,San Juan,WA,Passenger,137,46,183,13921,14104,1.3
February 28 2019,Asotin,WA,Truck,0,0,0,6643,6643,0
August 31 2021,Grant,WA,Passenger,123,96,219,66829,67048,0.33
September 30 2021,Douglas,WA,Truck,0,0,0,12710,12710,0
April 30 2021,Klickitat,WA,Passenger,67,47,114,15182,15296,0.75
December 31 2017,Adams,WA,Truck,0,0,0,5127,5127,0
February 28 2017,Kittitas,WA,Passenger,15,15,30,27059,27089,0.11
February 28 2021,Pierce,WA,Passenger,3028,1809,4837,555115,559952,0.86
July 31 2018,Garfield,WA,Truck,0,0,0,955,955,0
July 31 2020,Kittitas,WA,Passenger,104,47,151,29758,29909,0.5
February 28 2019,Yakima,WA,Passenger,86,101,187,164444,164631,0.11
July 31 2017,Clallam,WA,Passenger,93,77,170,48419,48589,0.35
April 30 2020,Skagit,WA,Truck,1,0,1,32381,32382,0
September 30 2022,Grays Harbor,WA,Truck,2,0,2,21164,21166,0.01
August 31 2017,Walla Walla,WA,Passenger,27,27,54,34982,35036,0.15
March 31 2020,Klickitat,WA,Truck,0,0,0,8271,8271,0
March 31 2018,Garfield,WA,Passenger,1,0,1,1330,1331,0.08
August 31 2018,Cowlitz,WA,Truck,0,0,0,28605,28605,0
September 30 2022,Asotin,WA,Truck,0,0,0,6696,6696,0
November 30 2023,Lincoln,WA,Truck,0,0,0,4750,4750,0
June 30 2018,Okanogan,WA,Passenger,9,19,28,25948,25976,0.11
September 30 2019,Grant,WA,Passenger,48,63,111,65161,65272,0.17
August 31 2023,Columbia,WA,Truck,0,0,0,1555,1555,0
February 28 2022,Jefferson,WA,Truck,0,0,0,9574,9574,0
May 31 2017,Spokane,WA,Truck,1,0,1,90323,90324,0
April 30 2017,Wahkiakum,WA,Passenger,0,2,2,2848,2850,0.07
May 31 2017,Pierce,WA,Truck,0,0,0,137658,137658,0
July 31 2018,Thurston,WA,Truck,0,0,0,54414,54414,0
August 31 2019,Spokane,WA,Passenger,574,439,1013,313084,314097,0.32
March 31 2017,Columbia,WA,Truck,0,0,0,1530,1530,0
December 31 2023,Skamania,WA,Passenger,136,50,186,7870,8056,2.31
October 31 2022,Columbia,WA,Passenger,8,1,9,2439,2448,0.37
August 31 2022,Benton,WA,Truck,5,0,5,43399,43404,0.01
March 31 2022,Kitsap,WA,Truck,1,0,1,53924,53925,0
July 31 2019,Whitman,WA,Passenger,33,45,78,22694,22772,0.34
February 29 2024,Grant,WA,Passenger,372,162,534,64765,65299,0.82
May 31 2019,King,WA,Truck,5,1,6,181910,181916,0
November 30 2021,Spokane,WA,Truck,0,0,0,102641,102641,0
June 30 2020,Lincoln,WA,Truck,0,0,0,4622,4622,0
March 31 2020,Ferry,WA,Truck,0,0,0,3565,3565,0
July 31 2017,Mason,WA,Passenger,57,69,126,43625,43751,0.29
March 31 2023,Yakima,WA,Truck,9,0,9,61170,61179,0.01
July 31 2019,Yakima,WA,Truck,0,0,0,59256,59256,0
February 28 2022,Pacific,WA,Truck,0,0,0,8001,8001,0
January 31 2018,Whitman,WA,Passenger,18,20,38,22471,22509,0.17
January 31 2019,Whatcom,WA,Truck,2,0,2,42736,42738,0
March 31 2017,Whatcom,WA,Truck,2,0,2,41394,41396,0
November 30 2022,Snohomish,WA,Passenger,9869,2713,12582,530257,542839,2.32
January 31 2020,Lincoln,WA,Truck,0,0,0,4669,4669,0
October 31 2017,Spokane,WA,Truck,1,0,1,91321,91322,0
January 31 2020,Lewis,WA,Passenger,109,106,215,59592,59807,0.36
February 28 2023,Lincoln,WA,Passenger,16,17,33,7750,7783,0.42
March 31 2022,Thurston,WA,Passenger,2027,999,3026,195099,198125,1.53
September 30 2020,Klickitat,WA,Truck,0,0,0,8103,8103,0
January 31 2024,Klickitat,WA,Truck,17,0,17,8056,8073,0.21
January 31 2024,Pend Oreille,WA,Passenger,31,20,51,8578,8629,0.59
September 30 2017,Ferry,WA,Passenger,1,1,2,4380,4382,0.05
September 30 2021,King,WA,Passenger,32870,9685,42555,1364727,1407282,3.02
September 30 2020,Kitsap,WA,Passenger,1426,712,2138,179568,181706,1.18
May 31 2018,Lewis,WA,Truck,0,0,0,25407,25407,0
February 28 2023,Thurston,WA,Passenger,2768,1152,3920,191264,195184,2.01
August 31 2017,Cowlitz,WA,Passenger,50,62,112,70008,70120,0.16
February 29 2024,Lincoln,WA,Passenger,24,25,49,7371,7420,0.66
September 30 2018,Whitman,WA,Truck,0,0,0,8521,8521,0
November 30 2021,Whitman,WA,Truck,0,0,0,8559,8559,0
July 31 2023,Spokane,WA,Passenger,2366,1141,3507,322494,326001,1.08
August 31 2020,Franklin,WA,Passenger,66,77,143,60775,60918,0.23
August 31 2023,Lincoln,WA,Truck,0,0,0,4845,4845,0
June 30 2022,Kittitas,WA,Truck,1,0,1,14655,14656,0.01
February 28 2019,Columbia,WA,Truck,0,0,0,1525,1525,0
October 31 2021,Grant,WA,Passenger,133,95,228,66793,67021,0.34
February 29 2024,Pacific,WA,Passenger,101,95,196,15135,15331,1.28
February 29 2024,Skagit,WA,Passenger,1363,483,1846,85514,87360,2.11
August 31 2020,Lewis,WA,Passenger,112,119,231,58200,58431,0.4
December 31 2017,King,WA,Passenger,11273,4683,15956,1370519,1386475,1.15
April 30 2021,Skamania,WA,Passenger,40,30,70,8357,8427,0.83
July 31 2021,Yakima,WA,Truck,0,0,0,61709,61709,0
July 31 2022,Okanogan,WA,Passenger,88,49,137,26279,26416,0.52
June 30 2020,Asotin,WA,Passenger,16,12,28,12319,12347,0.23
May 31 2017,Lewis,WA,Truck,0,0,0,24829,24829,0
November 30 2022,Cowlitz,WA,Passenger,390,188,578,70198,70776,0.82
October 31 2018,Asotin,WA,Truck,0,0,0,6636,6636,0
December 31 2023,Adams,WA,Truck,3,0,3,5247,5250,0.06
January 31 2023,Skagit,WA,Passenger,954,365,1319,89283,90602,1.46
May 31 2023,Jefferson,WA,Passenger,551,260,811,24300,25111,3.23
February 28 2018,Pierce,WA,Truck,0,0,0,136997,136997,0
September 30 2023,Franklin,WA,Truck,7,0,7,20869,20876,0.03
February 28 2022,Whatcom,WA,Truck,4,0,4,43575,43579,0.01
June 30 2017,Kitsap,WA,Truck,1,0,1,52518,52519,0
May 31 2023,Thurston,WA,Truck,57,0,57,54027,54084,0.11
January 31 2018,Kittitas,WA,Truck,0,0,0,13876,13876,0
August 31 2021,King,WA,Passenger,32280,9549,41829,1365137,1406966,2.97
September 30 2022,Jefferson,WA,Passenger,455,224,679,24420,25099,2.71
May 31 2017,Douglas,WA,Passenger,32,23,55,26684,26739,0.21
February 28 2017,Pacific,WA,Truck,0,0,0,7484,7484,0
July 31 2020,Yakima,WA,Passenger,140,119,259,165741,166000,0.16
January 31 2024,King,WA,Passenger,70992,17194,88186,1295758,1383944,6.37
August 31 2019,San Juan,WA,Passenger,225,73,298,14436,14734,2.02
May 31 2017,Pend Oreille,WA,Truck,0,0,0,5563,5563,0
February 28 2022,Adams,WA,Passenger,17,14,31,13006,13037,0.24
August 31 2018,Douglas,WA,Truck,0,0,0,12026,12026,0
May 31 2021,Wahkiakum,WA,Truck,0,0,0,1798,1798,0
August 31 2023,Wahkiakum,WA,Truck,4,0,4,1772,1776,0.23
December 31 2023,Douglas,WA,Passenger,248,81,329,28494,28823,1.14
January 31 2022,Skagit,WA,Passenger,700,307,1007,90818,91825,1.1
May 31 2017,Walla Walla,WA,Passenger,23,24,47,34854,34901,0.13
February 29 2020,Pacific,WA,Passenger,30,32,62,16066,16128,0.38
September 30 2017,Yakima,WA,Truck,0,0,0,57704,57704,0
September 30 2017,Island,WA,Truck,0,0,0,20559,20559,0
November 30 2019,Lewis,WA,Truck,0,0,0,26109,26109,0
March 31 2019,Lincoln,WA,Truck,0,0,0,4683,4683,0
December 31 2020,Garfield,WA,Truck,0,0,0,994,994,0
October 31 2021,Pacific,WA,Passenger,49,59,108,16102,16210,0.67
August 31 2023,Jefferson,WA,Passenger,593,265,858,24221,25079,3.42
July 31 2018,Skamania,WA,Passenger,13,9,22,8634,8656,0.25
December 31 2018,Pierce,WA,Truck,0,0,0,139096,139096,0
November 30 2018,Stevens,WA,Truck,0,0,0,18726,18726,0
July 31 2020,Skamania,WA,Passenger,31,19,50,8422,8472,0.59
September 30 2020,Jefferson,WA,Passenger,257,148,405,24726,25131,1.61
November 30 2023,Benton,WA,Passenger,1347,629,1976,134496,136472,1.45
February 28 2018,Chelan,WA,Passenger,94,39,133,53233,53366,0.25
September 30 2018,Yakima,WA,Passenger,67,93,160,164223,164383,0.1
March 31 2023,Pierce,WA,Truck,126,0,126,138135,138261,0.09
May 31 2018,Douglas,WA,Passenger,44,31,75,27544,27619,0.27
October 31 2018,Klickitat,WA,Passenger,24,32,56,15388,15444,0.36
September 30 2018,Thurston,WA,Passenger,621,526,1147,194528,195675,0.59
October 31 2022,Island,WA,Truck,14,0,14,21233,21247,0.07
February 28 2019,Pacific,WA,Passenger,22,26,48,15859,15907,0.3
July 31 2019,Kittitas,WA,Truck,0,0,0,14492,14492,0
October 31 2023,Whatcom,WA,Passenger,2809,985,3794,147075,150869,2.51
March 31 2022,Spokane,WA,Truck,0,0,0,102383,102383,0
July 31 2023,Franklin,WA,Passenger,322,144,466,62004,62470,0.75
April 30 2021,Wahkiakum,WA,Passenger,11,6,17,3113,3130,0.54
May 31 2020,Lincoln,WA,Passenger,4,12,16,7641,7657,0.21
July 31 2022,San Juan,WA,Passenger,521,160,681,14014,14695,4.63
December 31 2019,Adams,WA,Passenger,6,7,13,12930,12943,0.1
April 30 2021,Ferry,WA,Passenger,10,3,13,4407,4420,0.29
May 31 2019,Garfield,WA,Truck,0,0,0,953,953,0
May 31 2019,Stevens,WA,Passenger,20,29,49,31660,31709,0.15
September 30 2019,Grays Harbor,WA,Truck,0,0,0,20634,20634,0
June 30 2020,Thurston,WA,Truck,0,0,0,55740,55740,0
November 30 2023,Columbia,WA,Truck,0,0,0,1553,1553,0
November 30 2020,Cowlitz,WA,Passenger,170,124,294,72004,72298,0.41
July 31 2017,Spokane,WA,Truck,1,0,1,90738,90739,0
February 28 2021,Kittitas,WA,Truck,0,0,0,14694,14694,0
November 30 2018,Pend Oreille,WA,Truck,0,0,0,5743,5743,0
December 31 2022,Thurston,WA,Truck,38,0,38,54617,54655,0.07
September 30 2017,Benton,WA,Truck,0,0,0,40275,40275,0
February 28 2017,Douglas,WA,Truck,0,0,0,11386,11386,0
November 30 2017,Whitman,WA,Passenger,16,19,35,22384,22419,0.16
March 31 2019,Pierce,WA,Passenger,1635,1456,3091,539275,542366,0.57
June 30 2017,Okanogan,WA,Passenger,4,17,21,25701,25722,0.08
September 30 2020,Benton,WA,Passenger,393,329,722,134344,135066,0.53
April 30 2019,Skamania,WA,Truck,0,0,0,4038,4038,0
February 29 2020,Yakima,WA,Truck,0,0,0,59618,59618,0
June 30 2019,Cowlitz,WA,Truck,0,0,0,28863,28863,0
May 31 2023,San Juan,WA,Truck,12,0,12,5930,5942,0.2
January 31 2022,Franklin,WA,Passenger,169,101,270,62121,62391,0.43
September 30 2017,Snohomish,WA,Truck,1,0,1,121524,121525,0
October 31 2020,Yakima,WA,Truck,0,0,0,60689,60689,0
November 30 2018,Whatcom,WA,Passenger,730,354,1084,149102,150186,0.72
December 31 2017,Kittitas,WA,Passenger,36,26,62,28445,28507,0.22
February 28 2022,Clallam,WA,Passenger,393,243,636,50127,50763,1.25
June 30 2018,Lincoln,WA,Truck,0,0,0,4558,4558,0
May 31 2018,Benton,WA,Truck,0,0,0,40987,40987,0
September 30 2020,Thurston,WA,Truck,0,0,0,56126,56126,0
June 30 2020,San Juan,WA,Truck,0,0,0,5851,5851,0
January 31 2023,Grant,WA,Passenger,231,113,344,66866,67210,0.51
September 30 2017,Adams,WA,Passenger,3,3,6,12261,12267,0.05
May 31 2020,Yakima,WA,Truck,0,0,0,59565,59565,0
February 28 2019,Snohomish,WA,Passenger,3145,1498,4643,527575,532218,0.87
April 30 2020,Jefferson,WA,Passenger,234,142,376,24904,25280,1.49
January 31 2020,Columbia,WA,Truck,0,0,0,1534,1534,0
February 28 2023,Lewis,WA,Passenger,291,190,481,59752,60233,0.8
February 28 2017,Benton,WA,Truck,0,0,0,39744,39744,0
January 31 2019,Snohomish,WA,Truck,1,0,1,121994,121995,0
October 31 2020,Walla Walla,WA,Truck,0,0,0,13796,13796,0
October 31 2020,Garfield,WA,Passenger,0,1,1,1351,1352,0.07
June 30 2021,Walla Walla,WA,Passenger,113,74,187,36601,36788,0.51
July 31 2020,Snohomish,WA,Truck,0,0,0,124327,124327,0
August 31 2018,Ferry,WA,Passenger,2,2,4,4419,4423,0.09
February 28 2017,Skamania,WA,Truck,0,0,0,3889,3889,0
March 31 2017,Wahkiakum,WA,Passenger,0,2,2,2849,2851,0.07
February 28 2017,Franklin,WA,Truck,0,0,0,17904,17904,0
July 31 2021,San Juan,WA,Truck,0,0,0,5951,5951,0
May 31 2020,Pierce,WA,Truck,0,0,0,141277,141277,0
November 30 2022,Stevens,WA,Truck,2,0,2,18839,18841,0.01
September 30 2019,Thurston,WA,Passenger,953,671,1624,198484,200108,0.81
February 29 2020,Okanogan,WA,Passenger,34,31,65,26116,26181,0.25
August 31 2023,Walla Walla,WA,Truck,7,0,7,13639,13646,0.05
April 30 2017,Franklin,WA,Passenger,27,47,74,55341,55415,0.13
February 28 2022,Island,WA,Truck,1,0,1,21452,21453,0
April 30 2017,King,WA,Passenger,9555,3881,13436,1378322,1391758,0.97
August 31 2022,Garfield,WA,Truck,0,0,0,974,974,0
April 30 2019,Snohomish,WA,Truck,1,0,1,122003,122004,0
February 28 2023,Clark,WA,Passenger,5176,2105,7281,314016,321297,2.27
October 31 2019,Ferry,WA,Passenger,5,2,7,4426,4433,0.16
August 31 2023,Ferry,WA,Passenger,20,4,24,4301,4325,0.55
June 30 2018,Yakima,WA,Truck,0,0,0,58484,58484,0
September 30 2018,San Juan,WA,Passenger,161,68,229,14175,14404,1.59
November 30 2023,Ferry,WA,Truck,0,0,0,3497,3497,0
March 31 2017,Island,WA,Passenger,105,130,235,59593,59828,0.39
April 30 2021,Walla Walla,WA,Passenger,108,71,179,36516,36695,0.49
September 30 2021,Mason,WA,Truck,0,0,0,21275,21275,0
October 31 2022,King,WA,Truck,300,2,302,179126,179428,0.17
September 30 2022,Kittitas,WA,Truck,4,0,4,14600,14604,0.03
February 28 2018,Adams,WA,Truck,0,0,0,5137,5137,0
September 30 2019,Skamania,WA,Passenger,26,18,44,8780,8824,0.5
August 31 2021,Wahkiakum,WA,Passenger,16,8,24,3078,3102,0.77
April 30 2021,Wahkiakum,WA,Truck,0,0,0,1805,1805,0
February 28 2021,Douglas,WA,Passenger,86,46,132,28248,28380,0.47
March 31 2020,Skagit,WA,Truck,1,0,1,32546,32547,0
January 31 2020,Lewis,WA,Truck,0,0,0,26096,26096,0
January 31 2018,Asotin,WA,Truck,0,0,0,6559,6559,0
August 31 2019,Pierce,WA,Truck,0,0,0,140303,140303,0
December 31 2017,King,WA,Truck,8,1,9,185021,185030,0
May 31 2019,Pend Oreille,WA,Truck,0,0,0,5741,5741,0
March 31 2020,Clark,WA,Truck,0,0,0,82031,82031,0
February 28 2019,Island,WA,Truck,0,0,0,21160,21160,0
June 30 2020,Clallam,WA,Passenger,228,168,396,50092,50488,0.78
January 31 2021,Pierce,WA,Passenger,2963,1789,4752,555366,560118,0.85
March 31 2020,Kitsap,WA,Passenger,1297,674,1971,181733,183704,1.07
September 30 2020,Lewis,WA,Passenger,111,119,230,58303,58533,0.39
April 30 2018,Adams,WA,Truck,0,0,0,5148,5148,0
August 31 2021,Lewis,WA,Passenger,181,153,334,59625,59959,0.56
July 31 2018,Clark,WA,Passenger,1042,744,1786,308617,310403,0.58
March 31 2020,Stevens,WA,Truck,0,0,0,18697,18697,0
June 30 2020,Kittitas,WA,Passenger,99,47,146,29801,29947,0.49
January 31 2024,Kittitas,WA,Truck,23,0,23,14242,14265,0.16
February 28 2018,Cowlitz,WA,Truck,0,0,0,28180,28180,0
January 31 2022,Stevens,WA,Passenger,58,47,105,30164,30269,0.35
August 31 2023,Garfield,WA,Truck,0,0,0,964,964,0
July 31 2022,Douglas,WA,Passenger,138,60,198,28390,28588,0.69
September 30 2017,Lincoln,WA,Truck,0,0,0,4472,4472,0
October 31 2017,Franklin,WA,Passenger,31,49,80,56502,56582,0.14
April 30 2018,Benton,WA,Passenger,178,188,366,130936,131302,0.28
September 30 2022,Skagit,WA,Truck,6,0,6,32192,32198,0.02
March 31 2021,Whatcom,WA,Truck,4,0,4,43770,43774,0.01
December 31 2021,Spokane,WA,Truck,0,0,0,102725,102725,0
October 31 2023,Garfield,WA,Truck,0,0,0,972,972,0
November 30 2019,Jefferson,WA,Truck,0,0,0,9651,9651,0
March 31 2023,Grant,WA,Truck,8,0,8,28071,28079,0.03
February 29 2024,Chelan,WA,Truck,51,0,51,22223,22274,0.23
January 31 2022,San Juan,WA,Passenger,482,151,633,14166,14799,4.28
March 31 2020,Yakima,WA,Truck,0,0,0,59588,59588,0
January 31 2018,Skamania,WA,Passenger,11,8,19,8606,8625,0.22
March 31 2018,Pierce,WA,Passenger,1126,1053,2179,527763,529942,0.41
December 31 2021,Asotin,WA,Truck,0,0,0,6752,6752,0
April 30 2017,San Juan,WA,Truck,0,0,0,5549,5549,0
March 31 2023,Kittitas,WA,Passenger,326,94,420,29475,29895,1.4
April 30 2019,Whitman,WA,Truck,0,0,0,8519,8519,0
June 30 2022,Lewis,WA,Truck,0,0,0,26399,26399,0
August 31 2018,Whitman,WA,Truck,0,0,0,8509,8509,0
August 31 2023,Asotin,WA,Passenger,39,24,63,12364,12427,0.51
February 28 2017,Skagit,WA,Truck,1,0,1,31404,31405,0
June 30 2017,Snohomish,WA,Passenger,1793,902,2695,513133,515828,0.52
July 31 2023,Wahkiakum,WA,Passenger,26,17,43,3023,3066,1.4
October 31 2022,Walla Walla,WA,Truck,3,0,3,13942,13945,0.02
November 30 2017,San Juan,WA,Passenger,126,41,167,13780,13947,1.2
June 30 2021,Thurston,WA,Truck,0,0,0,56540,56540,0
August 31 2018,Stevens,WA,Truck,0,0,0,18670,18670,0
March 31 2020,Stevens,WA,Passenger,33,33,66,31246,31312,0.21
April 30 2021,Pend Oreille,WA,Passenger,14,5,19,9298,9317,0.2
February 28 2018,Whitman,WA,Passenger,18,21,39,22527,22566,0.17
September 30 2019,Walla Walla,WA,Passenger,59,63,122,36248,36370,0.34
December 31 2018,Cowlitz,WA,Passenger,72,94,166,72431,72597,0.23
June 30 2017,Douglas,WA,Passenger,34,26,60,26716,26776,0.22
July 31 2019,Walla Walla,WA,Truck,0,0,0,13615,13615,0
April 30 2023,Kittitas,WA,Passenger,330,96,426,29465,29891,1.43
June 30 2023,San Juan,WA,Passenger,616,178,794,13822,14616,5.43
June 30 2017,Chelan,WA,Passenger,67,37,104,52046,52150,0.2
November 30 2022,Island,WA,Passenger,919,393,1312,61332,62644,2.09
June 30 2018,Clark,WA,Passenger,1009,719,1728,307933,309661,0.56
November 30 2019,Pacific,WA,Passenger,29,30,59,16111,16170,0.36
May 31 2017,Grays Harbor,WA,Truck,0,0,0,19896,19896,0
September 30 2022,King,WA,Truck,241,2,243,179531,179774,0.14
December 31 2020,Douglas,WA,Truck,0,0,0,12489,12489,0
February 28 2018,Yakima,WA,Truck,0,0,0,58122,58122,0
April 30 2020,Adams,WA,Truck,0,0,0,5204,5204,0
February 28 2023,Columbia,WA,Truck,0,0,0,1572,1572,0
October 31 2018,Lewis,WA,Truck,0,0,0,25614,25614,0
June 30 2020,Clark,WA,Truck,0,0,0,82204,82204,0
December 31 2022,Columbia,WA,Truck,0,0,0,1582,1582,0
September 30 2020,Garfield,WA,Passenger,0,1,1,1347,1348,0.07
December 31 2022,Pierce,WA,Passenger,6157,2508,8665,538179,546844,1.58
June 30 2018,Spokane,WA,Truck,1,0,1,92619,92620,0
April 30 2017,Lewis,WA,Passenger,46,35,81,55197,55278,0.15
November 30 2021,Skagit,WA,Truck,1,0,1,32786,32787,0
July 31 2022,King,WA,Passenger,41881,11439,53320,1344956,1398276,3.81
February 28 2019,Pierce,WA,Passenger,1611,1428,3039,538767,541806,0.56
November 30 2017,Jefferson,WA,Passenger,116,71,187,24180,24367,0.77
October 31 2021,Franklin,WA,Truck,0,0,0,20765,20765,0
November 30 2021,Whatcom,WA,Truck,4,0,4,43675,43679,0.01
August 31 2022,Spokane,WA,Passenger,1737,881,2618,324197,326815,0.8
September 30 2022,Spokane,WA,Passenger,1764,889,2653,324204,326857,0.81
November 30 2023,Whatcom,WA,Passenger,2873,1013,3886,146584,150470,2.58
August 31 2020,Cowlitz,WA,Passenger,152,120,272,72122,72394,0.38
May 31 2019,Skamania,WA,Passenger,23,17,40,8714,8754,0.46
September 30 2021,Wahkiakum,WA,Passenger,16,8,24,3070,3094,0.78
April 30 2020,Asotin,WA,Truck,0,0,0,6620,6620,0
November 30 2017,Whatcom,WA,Truck,1,0,1,41929,41930,0
November 30 2019,Chelan,WA,Passenger,196,75,271,54636,54907,0.49
May 31 2017,Asotin,WA,Passenger,6,3,9,12371,12380,0.07
June 30 2017,Pend Oreille,WA,Passenger,3,4,7,9316,9323,0.08
November 30 2021,Klickitat,WA,Passenger,88,52,140,15337,15477,0.9
January 31 2022,San Juan,WA,Truck,1,0,1,6021,6022,0.02
November 30 2017,Asotin,WA,Truck,0,0,0,6551,6551,0
February 28 2022,Grant,WA,Passenger,142,99,241,66757,66998,0.36
June 30 2020,Ferry,WA,Passenger,5,3,8,4331,4339,0.18
April 30 2023,Douglas,WA,Truck,7,0,7,12918,12925,0.05
November 30 2018,Kitsap,WA,Passenger,915,522,1437,180306,181743,0.79
October 31 2020,Ferry,WA,Passenger,8,3,11,4351,4362,0.25
December 31 2017,Walla Walla,WA,Truck,0,0,0,13293,13293,0
May 31 2021,Yakima,WA,Truck,0,0,0,61671,61671,0
May 31 2022,Asotin,WA,Truck,0,0,0,6705,6705,0
July 31 2020,Garfield,WA,Truck,0,0,0,986,986,0
May 31 2017,Thurston,WA,Passenger,390,334,724,186025,186749,0.39
July 31 2018,Whatcom,WA,Passenger,637,318,955,147957,148912,0.64
December 31 2018,Franklin,WA,Truck,0,0,0,19052,19052,0
September 30 2022,Pend Oreille,WA,Truck,0,0,0,5634,5634,0
October 31 2020,Pend Oreille,WA,Passenger,8,4,12,9154,9166,0.13
June 30 2023,Yakima,WA,Truck,13,0,13,61137,61150,0.02
February 28 2021,Douglas,WA,Truck,0,0,0,12512,12512,0
July 31 2018,Klickitat,WA,Truck,0,0,0,8122,8122,0
July 31 2021,Stevens,WA,Truck,0,0,0,18917,18917,0
January 31 2021,Garfield,WA,Truck,0,0,0,1001,1001,0
April 30 2021,Stevens,WA,Passenger,40,43,83,30562,30645,0.27
August 31 2019,Mason,WA,Passenger,130,125,255,47415,47670,0.53
May 31 2017,Klickitat,WA,Passenger,22,24,46,14788,14834,0.31
August 31 2017,Lincoln,WA,Passenger,1,5,6,7570,7576,0.08
August 31 2018,Garfield,WA,Passenger,1,1,2,1318,1320,0.15
December 31 2020,Lincoln,WA,Truck,0,0,0,4673,4673,0
February 28 2021,Cowlitz,WA,Passenger,194,130,324,71921,72245,0.45
August 31 2017,Okanogan,WA,Truck,0,0,0,16241,16241,0
March 31 2021,Skamania,WA,Passenger,38,25,63,8300,8363,0.75
June 30 2018,Pierce,WA,Truck,0,0,0,137809,137809,0
February 29 2024,Garfield,WA,Passenger,0,3,3,1280,1283,0.23
June 30 2019,Douglas,WA,Truck,0,0,0,12180,12180,0
April 30 2018,Thurston,WA,Truck,0,0,0,54065,54065,0
August 31 2022,Pend Oreille,WA,Truck,0,0,0,5632,5632,0
January 31 2024,Pend Oreille,WA,Truck,3,0,3,5443,5446,0.06
January 31 2022,Okanogan,WA,Passenger,70,47,117,26520,26637,0.44
August 31 2018,Yakima,WA,Truck,0,0,0,58614,58614,0
December 31 2022,Kitsap,WA,Passenger,2762,1144,3906,176896,180802,2.16
March 31 2018,Lewis,WA,Truck,0,0,0,25257,25257,0
September 30 2021,Mason,WA,Passenger,239,149,388,47964,48352,0.8
September 30 2023,Asotin,WA,Passenger,40,26,66,12308,12374,0.53
August 31 2021,Walla Walla,WA,Truck,0,0,0,14077,14077,0
March 31 2017,Whatcom,WA,Passenger,416,156,572,142214,142786,0.4
May 31 2022,Yakima,WA,Passenger,325,189,514,167007,167521,0.31
July 31 2023,San Juan,WA,Truck,15,0,15,5933,5948,0.25
November 30 2022,Whitman,WA,Passenger,109,65,174,21938,22112,0.79
August 31 2021,Pend Oreille,WA,Truck,0,0,0,5722,5722,0
December 31 2020,Clallam,WA,Truck,1,0,1,21824,21825,0
August 31 2017,Thurston,WA,Truck,0,0,0,53429,53429,0
January 31 2021,Adams,WA,Truck,0,0,0,5345,5345,0
May 31 2017,Skamania,WA,Truck,0,0,0,3863,3863,0
January 31 2017,Garfield,WA,Truck,0,0,0,940,940,0
June 30 2017,Island,WA,Truck,0,0,0,20497,20497,0
May 31 2018,Skamania,WA,Truck,0,0,0,3918,3918,0
September 30 2021,Columbia,WA,Passenger,7,2,9,2448,2457,0.37
October 31 2018,Yakima,WA,Truck,0,0,0,58752,58752,0
April 30 2020,Mason,WA,Truck,0,0,0,20525,20525,0
November 30 2018,Whitman,WA,Passenger,20,35,55,22788,22843,0.24
April 30 2017,Klickitat,WA,Truck,0,0,0,7946,7946,0
February 28 2022,Thurston,WA,Truck,3,0,3,55782,55785,0.01
November 30 2021,Pacific,WA,Truck,0,0,0,8000,8000,0
August 31 2019,Asotin,WA,Passenger,12,7,19,12639,12658,0.15
February 29 2020,Pend Oreille,WA,Passenger,8,7,15,9454,9469,0.16
July 31 2017,Cowlitz,WA,Truck,0,0,0,27951,27951,0
October 31 2022,Kittitas,WA,Truck,5,0,5,14596,14601,0.03
March 31 2020,Whitman,WA,Passenger,42,46,88,22476,22564,0.39
October 31 2022,Pacific,WA,Passenger,68,74,142,15728,15870,0.89
April 30 2023,Skamania,WA,Passenger,100,53,153,8093,8246,1.86
August 31 2022,Pierce,WA,Truck,34,0,34,140707,140741,0.02
September 30 2018,Walla Walla,WA,Truck,0,0,0,13494,13494,0
November 30 2019,Whatcom,WA,Passenger,964,470,1434,151548,152982,0.94
December 31 2022,Skagit,WA,Passenger,920,356,1276,89350,90626,1.41
June 30 2021,Thurston,WA,Passenger,1583,871,2454,197900,200354,1.22
August 31 2018,Ferry,WA,Truck,0,0,0,3550,3550,0
February 28 2017,Columbia,WA,Passenger,0,1,1,2338,2339,0.04
January 31 2024,Spokane,WA,Passenger,2944,1442,4386,317080,321466,1.36
August 31 2022,Whitman,WA,Passenger,94,62,156,21956,22112,0.71
April 30 2021,Pacific,WA,Passenger,41,41,82,16058,16140,0.51
October 31 2023,San Juan,WA,Passenger,661,188,849,13663,14512,5.85
May 31 2017,King,WA,Passenger,9793,3989,13782,1376903,1390685,0.99
January 31 2023,Chelan,WA,Truck,15,0,15,23098,23113,0.06
September 30 2022,Walla Walla,WA,Truck,2,0,2,13940,13942,0.01
November 30 2020,Adams,WA,Passenger,10,6,16,12939,12955,0.12
September 30 2021,Walla Walla,WA,Truck,0,0,0,14074,14074,0
May 31 2018,Wahkiakum,WA,Truck,0,0,0,1674,1674,0
April 30 2021,Snohomish,WA,Truck,1,0,1,126375,126376,0
April 30 2018,Lincoln,WA,Truck,0,0,0,4531,4531,0
January 31 2023,Skamania,WA,Passenger,93,53,146,8110,8256,1.77
October 31 2017,Adams,WA,Truck,0,0,0,5134,5134,0
December 31 2022,Snohomish,WA,Passenger,10170,2760,12930,529845,542775,2.38
July 31 2021,Okanogan,WA,Truck,0,0,0,16741,16741,0
August 31 2021,Thurston,WA,Truck,0,0,0,56376,56376,0
April 30 2022,Skamania,WA,Truck,0,0,0,3976,3976,0
July 31 2018,Snohomish,WA,Truck,1,0,1,121678,121679,0
December 31 2022,Whitman,WA,Truck,3,0,3,8647,8650,0.03
May 31 2022,Columbia,WA,Truck,0,0,0,1581,1581,0
August 31 2023,Chelan,WA,Passenger,668,173,841,54187,55028,1.53
August 31 2019,Cowlitz,WA,Passenger,107,108,215,73279,73494,0.29
November 30 2021,Clark,WA,Truck,0,0,0,84031,84031,0
October 31 2019,Kitsap,WA,Truck,1,0,1,54339,54340,0
December 31 2019,Columbia,WA,Truck,0,0,0,1537,1537,0
March 31 2017,Pierce,WA,Passenger,876,784,1660,526268,527928,0.31
March 31 2020,Yakima,WA,Passenger,125,116,241,165813,166054,0.15
October 31 2023,Walla Walla,WA,Passenger,254,127,381,35300,35681,1.07
November 30 2017,Jefferson,WA,Truck,0,0,0,9458,9458,0
October 31 2021,Chelan,WA,Passenger,385,110,495,54668,55163,0.9
February 28 2017,Spokane,WA,Passenger,226,196,422,294998,295420,0.14
December 31 2020,Grant,WA,Truck,0,0,0,27499,27499,0
August 31 2017,Franklin,WA,Passenger,27,48,75,55923,55998,0.13
February 28 2022,Stevens,WA,Truck,0,0,0,18962,18962,0
May 31 2020,Grays Harbor,WA,Passenger,106,111,217,48007,48224,0.45
February 28 2021,Pend Oreille,WA,Passenger,12,4,16,9190,9206,0.17
February 29 2020,Asotin,WA,Truck,0,0,0,6698,6698,0
May 31 2022,Okanogan,WA,Truck,0,0,0,16652,16652,0
February 28 2018,Walla Walla,WA,Passenger,31,35,66,35386,35452,0.19
July 31 2018,Ferry,WA,Passenger,3,3,6,4423,4429,0.14
May 31 2020,Island,WA,Truck,1,0,1,21121,21122,0
June 30 2017,Snohomish,WA,Truck,1,0,1,121886,121887,0
May 31 2019,Chelan,WA,Passenger,153,67,220,54334,54554,0.4
September 30 2022,Columbia,WA,Passenger,8,0,8,2437,2445,0.33
June 30 2019,Pacific,WA,Passenger,25,29,54,15971,16025,0.34
August 31 2020,Skagit,WA,Passenger,432,222,654,91231,91885,0.71
August 31 2017,Jefferson,WA,Passenger,112,64,176,23954,24130,0.73
November 30 2023,Stevens,WA,Truck,2,0,2,18474,18476,0.01
March 31 2020,Lewis,WA,Truck,0,0,0,26029,26029,0
October 31 2020,King,WA,Passenger,25871,8010,33881,1372385,1406266,2.41
August 31 2017,Pend Oreille,WA,Passenger,3,4,7,9360,9367,0.07
December 31 2018,Kittitas,WA,Passenger,67,37,104,29339,29443,0.35
May 31 2021,Cowlitz,WA,Passenger,218,136,354,72432,72786,0.49
December 31 2021,Lincoln,WA,Passenger,7,16,23,7717,7740,0.3
September 30 2023,Stevens,WA,Passenger,125,70,195,29483,29678,0.66
September 30 2022,Grant,WA,Truck,2,0,2,27992,27994,0.01
July 31 2021,Stevens,WA,Passenger,49,46,95,30382,30477,0.31
May 31 2017,Benton,WA,Passenger,146,142,288,128278,128566,0.22
April 30 2022,Columbia,WA,Passenger,7,0,7,2444,2451,0.29
August 31 2018,Pierce,WA,Truck,0,0,0,138277,138277,0
December 31 2022,Spokane,WA,Truck,19,0,19,101762,101781,0.02
May 31 2021,Klickitat,WA,Passenger,66,47,113,15232,15345,0.74
November 30 2017,Klickitat,WA,Passenger,24,26,50,14871,14921,0.34
February 28 2022,Benton,WA,Truck,0,0,0,43633,43633,0
August 31 2022,Douglas,WA,Truck,1,0,1,12755,12756,0.01
March 31 2020,Spokane,WA,Passenger,703,473,1176,317898,319074,0.37
December 31 2020,Thurston,WA,Truck,0,0,0,56377,56377,0
February 29 2020,Cowlitz,WA,Passenger,128,111,239,73452,73691,0.32
June 30 2017,Jefferson,WA,Truck,0,0,0,9422,9422,0
February 29 2020,Asotin,WA,Passenger,16,11,27,12669,12696,0.21
July 31 2019,Douglas,WA,Truck,0,0,0,12219,12219,0
July 31 2020,Klickitat,WA,Passenger,56,43,99,15111,15210,0.65
October 31 2021,Spokane,WA,Passenger,1216,727,1943,326274,328217,0.59
October 31 2019,Spokane,WA,Truck,1,0,1,96073,96074,0
March 31 2020,Clark,WA,Passenger,1983,1061,3044,320221,323265,0.94
September 30 2020,Yakima,WA,Truck,0,0,0,60568,60568,0
February 28 2018,Skamania,WA,Passenger,11,8,19,8622,8641,0.22
February 28 2018,Asotin,WA,Truck,0,0,0,6580,6580,0
April 30 2022,Douglas,WA,Truck,0,0,0,12741,12741,0
June 30 2017,Pend Oreille,WA,Truck,0,0,0,5573,5573,0
May 31 2017,Asotin,WA,Truck,0,0,0,6491,6491,0
March 31 2018,Benton,WA,Truck,0,0,0,40797,40797,0
September 30 2020,Pend Oreille,WA,Passenger,8,4,12,9185,9197,0.13
May 31 2018,Columbia,WA,Truck,0,0,0,1526,1526,0
November 30 2018,Lewis,WA,Truck,0,0,0,25626,25626,0
March 31 2017,Pacific,WA,Truck,0,0,0,7478,7478,0
November 30 2021,Grant,WA,Truck,0,0,0,28034,28034,0
February 28 2018,Kittitas,WA,Truck,0,0,0,13948,13948,0
October 31 2021,Cowlitz,WA,Truck,0,1,1,29058,29059,0
August 31 2022,Okanogan,WA,Passenger,88,48,136,26292,26428,0.51
July 31 2023,Jefferson,WA,Truck,12,0,12,9310,9322,0.13
February 29 2024,Thurston,WA,Passenger,3964,1418,5382,183176,188558,2.85
February 28 2019,Douglas,WA,Truck,0,0,0,12164,12164,0
October 31 2020,Whatcom,WA,Passenger,1169,531,1700,149617,151317,1.12
May 31 2017,Garfield,WA,Passenger,0,0,0,1287,1287,0
December 31 2020,Pierce,WA,Truck,0,0,0,144731,144731,0
September 30 2017,Pend Oreille,WA,Passenger,3,4,7,9373,9380,0.07
July 31 2017,Spokane,WA,Passenger,262,213,475,296624,297099,0.16
November 30 2017,Snohomish,WA,Truck,1,0,1,121381,121382,0
March 31 2020,Lincoln,WA,Passenger,2,12,14,7751,7765,0.18
January 31 2019,Wahkiakum,WA,Passenger,1,1,2,3004,3006,0.07
October 31 2022,Whatcom,WA,Truck,20,0,20,43077,43097,0.05
July 31 2022,Kitsap,WA,Passenger,2459,1072,3531,177879,181410,1.95
January 31 2024,San Juan,WA,Passenger,687,202,889,13377,14266,6.23
January 31 2019,Yakima,WA,Truck,0,0,0,58926,58926,0
April 30 2020,Yakima,WA,Passenger,130,115,245,165237,165482,0.15
December 31 2022,Cowlitz,WA,Truck,4,0,4,28349,28353,0.01
April 30 2019,Island,WA,Passenger,310,242,552,63234,63786,0.87
May 31 2022,Jefferson,WA,Passenger,425,215,640,24598,25238,2.54
December 31 2019,Mason,WA,Truck,0,0,0,20520,20520,0
January 31 2024,Asotin,WA,Passenger,43,26,69,12093,12162,0.57
March 31 2021,Walla Walla,WA,Truck,0,0,0,13964,13964,0
June 30 2023,Pacific,WA,Passenger,77,92,169,15615,15784,1.07
July 31 2021,Franklin,WA,Truck,0,0,0,20721,20721,0
December 31 2022,Spokane,WA,Passenger,1936,932,2868,324076,326944,0.88
October 31 2019,Clallam,WA,Passenger,194,150,344,50937,51281,0.67
March 31 2020,Skagit,WA,Passenger,391,216,607,92139,92746,0.65
July 31 2018,Grant,WA,Passenger,33,47,80,63265,63345,0.13
August 31 2021,Garfield,WA,Truck,0,0,0,1002,1002,0
October 31 2019,Stevens,WA,Truck,0,0,0,18772,18772,0
September 30 2022,Columbia,WA,Truck,0,0,0,1573,1573,0
May 31 2020,Chelan,WA,Passenger,228,78,306,54104,54410,0.56
March 31 2022,Whatcom,WA,Truck,4,0,4,43516,43520,0.01
October 31 2022,Walla Walla,WA,Passenger,190,106,296,35693,35989,0.82
March 31 2017,Pacific,WA,Passenger,6,8,14,15071,15085,0.09
October 31 2020,Snohomish,WA,Truck,0,0,0,125303,125303,0
February 28 2018,Walla Walla,WA,Truck,0,0,0,13324,13324,0
February 29 2024,Chelan,WA,Passenger,764,221,985,52439,53424,1.84
January 31 2018,Clallam,WA,Passenger,106,95,201,49287,49488,0.41
October 31 2018,Asotin,WA,Passenger,12,9,21,12710,12731,0.16
January 31 2020,Walla Walla,WA,Passenger,65,61,126,36344,36470,0.35
December 31 2017,Klickitat,WA,Passenger,24,26,50,14902,14952,0.33
April 30 2019,Grant,WA,Truck,0,0,0,26424,26424,0
April 30 2019,Jefferson,WA,Truck,0,0,0,9648,9648,0
February 28 2021,Garfield,WA,Passenger,0,2,2,1354,1356,0.15
January 31 2024,Cowlitz,WA,Passenger,603,258,861,68230,69091,1.25
March 31 2018,Douglas,WA,Passenger,42,33,75,27418,27493,0.27
October 31 2022,Jefferson,WA,Truck,5,0,5,9388,9393,0.05
November 30 2017,Clark,WA,Passenger,840,558,1398,303161,304559,0.46
March 31 2020,Cowlitz,WA,Truck,0,0,0,28848,28848,0
September 30 2017,Wahkiakum,WA,Truck,0,0,0,1667,1667,0
February 28 2021,Wahkiakum,WA,Truck,0,0,0,1781,1781,0
August 31 2018,Garfield,WA,Truck,0,0,0,955,955,0
April 30 2020,Columbia,WA,Truck,0,0,0,1524,1524,0
January 31 2021,Asotin,WA,Truck,0,0,0,6689,6689,0
July 31 2019,Pend Oreille,WA,Passenger,4,6,10,9534,9544,0.1
April 30 2023,Columbia,WA,Truck,0,0,0,1556,1556,0
August 31 2021,Clark,WA,Passenger,3072,1471,4543,321934,326477,1.39
January 31 2020,Pierce,WA,Passenger,2229,1678,3907,550419,554326,0.7
July 31 2021,Benton,WA,Passenger,538,397,935,136219,137154,0.68
January 31 2017,Pacific,WA,Passenger,5,6,11,15027,15038,0.07
February 29 2024,Skamania,WA,Truck,3,0,3,3645,3648,0.08
October 31 2018,Okanogan,WA,Passenger,15,21,36,26100,26136,0.14
February 28 2019,Adams,WA,Passenger,4,6,10,12666,12676,0.08
August 31 2021,Whitman,WA,Truck,0,0,0,8575,8575,0
April 30 2021,King,WA,Passenger,29453,8751,38204,1368790,1406994,2.72
September 30 2021,Yakima,WA,Truck,0,0,0,61727,61727,0
July 31 2017,Franklin,WA,Truck,0,0,0,18172,18172,0
May 31 2019,Adams,WA,Passenger,5,6,11,12709,12720,0.09
March 31 2023,Grays Harbor,WA,Passenger,279,179,458,48458,48916,0.94
October 31 2022,Garfield,WA,Truck,0,0,0,975,975,0
July 31 2022,Garfield,WA,Truck,0,0,0,974,974,0
March 31 2018,Island,WA,Truck,0,0,0,20848,20848,0
January 31 2024,Ferry,WA,Truck,0,0,0,3417,3417,0
July 31 2018,Franklin,WA,Passenger,38,66,104,58170,58274,0.18
February 28 2019,Yakima,WA,Truck,0,0,0,58794,58794,0
November 30 2021,Pend Oreille,WA,Truck,0,0,0,5691,5691,0
September 30 2022,Klickitat,WA,Truck,2,0,2,8257,8259,0.02
July 31 2020,Chelan,WA,Truck,0,0,0,22619,22619,0
October 31 2020,Pacific,WA,Passenger,34,34,68,15718,15786,0.43
September 30 2021,Thurston,WA,Passenger,1748,907,2655,197263,199918,1.33
November 30 2023,Grant,WA,Truck,13,0,13,27793,27806,0.05
June 30 2023,Ferry,WA,Truck,0,0,0,3582,3582,0
November 30 2017,Island,WA,Passenger,147,157,304,61326,61630,0.49
March 31 2023,Clark,WA,Passenger,5295,2160,7455,313814,321269,2.32
August 31 2022,Pacific,WA,Passenger,70,72,142,15770,15912,0.89
January 31 2020,Kitsap,WA,Passenger,1258,656,1914,182385,184299,1.04
May 31 2021,Kitsap,WA,Passenger,1795,831,2626,180307,182933,1.44
February 28 2021,Okanogan,WA,Passenger,56,35,91,26119,26210,0.35
February 28 2018,Pend Oreille,WA,Truck,0,0,0,5630,5630,0
January 31 2020,Adams,WA,Passenger,7,7,14,12908,12922,0.11
June 30 2022,Clark,WA,Passenger,4093,1780,5873,316383,322256,1.82
July 31 2020,Klickitat,WA,Truck,0,0,0,8115,8115,0
January 31 2017,Cowlitz,WA,Passenger,51,44,95,69107,69202,0.14
June 30 2021,Asotin,WA,Passenger,20,17,37,12718,12755,0.29
February 29 2024,Lincoln,WA,Truck,0,0,0,4616,4616,0
September 30 2020,Grant,WA,Passenger,67,80,147,65561,65708,0.22
September 30 2019,Thurston,WA,Truck,0,0,0,55533,55533,0
December 31 2023,Ferry,WA,Passenger,24,3,27,4211,4238,0.64
July 31 2022,Pacific,WA,Truck,0,0,0,7875,7875,0
March 31 2021,Clallam,WA,Truck,1,0,1,21947,21948,0
April 30 2017,Lincoln,WA,Truck,0,0,0,4464,4464,0
December 31 2017,Pend Oreille,WA,Truck,0,0,0,5617,5617,0
November 30 2019,Lincoln,WA,Truck,0,0,0,4694,4694,0
December 31 2021,Adams,WA,Truck,0,0,0,5417,5417,0
June 30 2017,Garfield,WA,Passenger,0,0,0,1295,1295,0
October 31 2017,Lewis,WA,Truck,0,0,0,25213,25213,0
March 31 2022,Pend Oreille,WA,Truck,0,0,0,5684,5684,0
July 31 2018,Benton,WA,Passenger,193,197,390,131724,132114,0.3
July 31 2021,Clallam,WA,Passenger,341,220,561,50458,51019,1.1
June 30 2018,Pierce,WA,Passenger,1228,1173,2401,532173,534574,0.45
October 31 2018,Island,WA,Truck,0,0,0,21117,21117,0
August 31 2018,Spokane,WA,Passenger,360,336,696,304694,305390,0.23
March 31 2021,Kitsap,WA,Truck,0,0,0,54360,54360,0
March 31 2019,Whatcom,WA,Truck,2,0,2,42721,42723,0
February 28 2017,Pacific,WA,Passenger,5,6,11,14990,15001,0.07
August 31 2020,Pacific,WA,Truck,0,0,0,7723,7723,0
September 30 2018,Grays Harbor,WA,Truck,0,0,0,20304,20304,0
December 31 2020,Asotin,WA,Truck,0,0,0,6676,6676,0
May 31 2018,Snohomish,WA,Passenger,2281,1222,3503,519976,523479,0.67
November 30 2022,Lewis,WA,Truck,2,0,2,26306,26308,0.01
February 28 2021,Whitman,WA,Truck,0,0,0,8517,8517,0
October 31 2022,Okanogan,WA,Truck,1,0,1,16457,16458,0.01
May 31 2022,Mason,WA,Truck,1,0,1,21034,21035,0
February 28 2019,Chelan,WA,Passenger,145,66,211,54156,54367,0.39
December 31 2021,Kittitas,WA,Passenger,207,75,282,29836,30118,0.94
April 30 2020,Thurston,WA,Truck,0,0,0,55497,55497,0
October 31 2023,Lewis,WA,Truck,8,0,8,25650,25658,0.03
October 31 2022,Whatcom,WA,Passenger,1992,784,2776,148589,151365,1.83
October 31 2019,Wahkiakum,WA,Truck,0,0,0,1752,1752,0
March 31 2020,Island,WA,Passenger,406,270,676,63189,63865,1.06
October 31 2017,Pierce,WA,Passenger,1040,916,1956,525393,527349,0.37
September 30 2018,Adams,WA,Truck,0,0,0,5156,5156,0
April 30 2022,Snohomish,WA,Passenger,7962,2417,10379,533714,544093,1.91
October 31 2020,Wahkiakum,WA,Passenger,6,6,12,3035,3047,0.39
December 31 2022,Clallam,WA,Truck,8,0,8,21865,21873,0.04
December 31 2017,Garfield,WA,Passenger,1,0,1,1321,1322,0.08
December 31 2022,Benton,WA,Passenger,930,500,1430,135679,137109,1.04
March 31 2018,Franklin,WA,Passenger,34,55,89,57207,57296,0.16
December 31 2018,Thurston,WA,Truck,0,0,0,54869,54869,0
August 31 2020,Benton,WA,Truck,0,0,0,43019,43019,0
May 31 2019,Jefferson,WA,Truck,0,0,0,9664,9664,0
July 31 2020,Jefferson,WA,Truck,0,0,0,9539,9539,0
June 30 2019,Yakima,WA,Truck,0,0,0,59133,59133,0
June 30 2022,Stevens,WA,Truck,0,0,0,18929,18929,0
July 31 2017,Island,WA,Truck,0,0,0,20496,20496,0
June 30 2017,Whitman,WA,Truck,0,0,0,8431,8431,0
August 31 2022,Thurston,WA,Truck,17,0,17,55076,55093,0.03
April 30 2018,Franklin,WA,Truck,0,0,0,18595,18595,0
August 31 2018,Jefferson,WA,Truck,0,0,0,9616,9616,0
October 31 2023,Stevens,WA,Passenger,131,73,204,29440,29644,0.69
January 31 2022,Douglas,WA,Passenger,118,56,174,28576,28750,0.61
March 31 2021,Cowlitz,WA,Truck,0,0,0,29047,29047,0
March 31 2021,Lincoln,WA,Passenger,5,13,18,7689,7707,0.23
August 31 2021,Okanogan,WA,Passenger,66,45,111,26462,26573,0.42
January 31 2023,Pacific,WA,Passenger,72,81,153,15705,15858,0.96
August 31 2021,Klickitat,WA,Passenger,82,51,133,15353,15486,0.86
March 31 2019,Wahkiakum,WA,Truck,0,0,0,1725,1725,0
October 31 2021,Columbia,WA,Passenger,7,2,9,2437,2446,0.37
November 30 2020,Columbia,WA,Truck,0,0,0,1529,1529,0
June 30 2021,Mason,WA,Truck,0,0,0,21322,21322,0
July 31 2022,Benton,WA,Truck,3,0,3,43472,43475,0.01
August 31 2022,Okanogan,WA,Truck,1,0,1,16528,16529,0.01
April 30 2017,Grant,WA,Truck,0,0,0,25091,25091,0
August 31 2017,Garfield,WA,Passenger,1,0,1,1302,1303,0.08
February 28 2019,Jefferson,WA,Passenger,179,113,292,24860,25152,1.16
November 30 2020,Whatcom,WA,Truck,3,0,3,43478,43481,0.01
January 31 2018,Asotin,WA,Passenger,8,5,13,12544,12557,0.1
June 30 2017,Mason,WA,Passenger,56,66,122,43445,43567,0.28
January 31 2022,Cowlitz,WA,Truck,0,1,1,28908,28909,0
August 31 2017,Columbia,WA,Truck,0,0,0,1542,1542,0
March 31 2023,Pacific,WA,Passenger,75,84,159,15634,15793,1.01
May 31 2022,Garfield,WA,Truck,0,0,0,979,979,0
November 30 2023,Adams,WA,Passenger,29,14,43,13004,13047,0.33
February 28 2019,Lewis,WA,Truck,0,0,0,25697,25697,0
February 28 2023,Stevens,WA,Truck,2,0,2,18761,18763,0.01
August 31 2020,Kitsap,WA,Passenger,1400,698,2098,179562,181660,1.15
July 31 2023,Spokane,WA,Truck,41,0,41,101652,101693,0.04
March 31 2022,Asotin,WA,Passenger,22,18,40,12644,12684,0.32
September 30 2022,Lewis,WA,Passenger,251,178,429,59798,60227,0.71
September 30 2018,Snohomish,WA,Truck,1,0,1,121771,121772,0
January 31 2024,Snohomish,WA,Truck,289,0,289,117566,117855,0.25
May 31 2018,Island,WA,Truck,0,0,0,20872,20872,0
November 30 2021,Skagit,WA,Passenger,666,299,965,91251,92216,1.05
November 30 2022,Walla Walla,WA,Truck,3,0,3,13911,13914,0.02
July 31 2023,Grant,WA,Passenger,296,131,427,67169,67596,0.63
August 31 2022,Kittitas,WA,Truck,3,0,3,14617,14620,0.02
June 30 2018,Grant,WA,Passenger,31,45,76,63140,63216,0.12
June 30 2023,Skagit,WA,Passenger,1107,414,1521,88917,90438,1.68
August 31 2023,Adams,WA,Truck,3,0,3,5347,5350,0.06
February 28 2021,San Juan,WA,Truck,0,0,0,5863,5863,0
April 30 2022,Cowlitz,WA,Truck,0,1,1,28718,28719,0
March 31 2018,King,WA,Passenger,11968,5151,17119,1367657,1384776,1.24
July 31 2018,Skagit,WA,Passenger,215,171,386,90705,91091,0.42
November 30 2023,Spokane,WA,Passenger,2785,1341,4126,320222,324348,1.27
October 31 2022,Pierce,WA,Passenger,5742,2444,8186,540043,548229,1.49
February 28 2017,Adams,WA,Truck,0,0,0,5070,5070,0
July 31 2023,Franklin,WA,Truck,6,0,6,20928,20934,0.03
November 30 2021,Snohomish,WA,Truck,2,0,2,125645,125647,0
February 28 2021,King,WA,Truck,6,1,7,184276,184283,0
June 30 2021,Okanogan,WA,Truck,0,0,0,16747,16747,0
October 31 2018,Whitman,WA,Truck,0,0,0,8535,8535,0
November 30 2019,Lewis,WA,Passenger,109,105,214,59501,59715,0.36
February 28 2023,Yakima,WA,Passenger,443,240,683,166192,166875,0.41
November 30 2017,Pend Oreille,WA,Passenger,3,4,7,9431,9438,0.07
October 31 2021,Asotin,WA,Passenger,21,17,38,12759,12797,0.3
March 31 2023,Pierce,WA,Passenger,6833,2627,9460,533850,543310,1.74
June 30 2020,Yakima,WA,Passenger,133,119,252,165325,165577,0.15
October 31 2020,Okanogan,WA,Truck,0,0,0,16564,16564,0
April 30 2018,Chelan,WA,Passenger,98,45,143,53393,53536,0.27
November 30 2022,Grant,WA,Passenger,221,110,331,66745,67076,0.49
May 31 2020,Clallam,WA,Truck,1,0,1,21665,21666,0
October 31 2019,Yakima,WA,Truck,0,0,0,59487,59487,0
August 31 2018,Pierce,WA,Passenger,1303,1224,2527,534749,537276,0.47
October 31 2023,Lincoln,WA,Passenger,21,24,45,7576,7621,0.59
May 31 2021,Pierce,WA,Passenger,3381,1940,5321,559582,564903,0.94
December 31 2018,Jefferson,WA,Passenger,168,106,274,24837,25111,1.09
January 31 2022,Lewis,WA,Passenger,212,167,379,59492,59871,0.63
April 30 2020,Ferry,WA,Passenger,5,3,8,4332,4340,0.18
November 30 2018,Whatcom,WA,Truck,2,0,2,42655,42657,0
March 31 2020,Mason,WA,Truck,0,0,0,20570,20570,0
April 30 2018,Thurston,WA,Passenger,523,444,967,191741,192708,0.5
October 31 2018,Benton,WA,Passenger,191,217,408,132560,132968,0.31
June 30 2020,Cowlitz,WA,Passenger,138,115,253,72315,72568,0.35
July 31 2022,Pierce,WA,Truck,20,0,20,141128,141148,0.01
February 28 2018,Snohomish,WA,Passenger,2088,1118,3206,517215,520421,0.62
May 31 2023,Benton,WA,Passenger,1119,561,1680,135591,137271,1.22
June 30 2020,Adams,WA,Truck,0,0,0,5261,5261,0
October 31 2019,Garfield,WA,Truck,0,0,0,961,961,0
July 31 2021,Whatcom,WA,Truck,4,0,4,43850,43854,0.01
December 31 2020,Pacific,WA,Truck,0,0,0,7791,7791,0
November 30 2022,Whatcom,WA,Passenger,2056,798,2854,148695,151549,1.88
August 31 2018,Douglas,WA,Passenger,45,31,76,27791,27867,0.27
January 31 2018,Clark,WA,Truck,0,0,0,78569,78569,0
January 31 2022,Asotin,WA,Truck,0,0,0,6731,6731,0
September 30 2020,Mason,WA,Truck,0,0,0,20792,20792,0
September 30 2023,Clark,WA,Truck,118,0,118,81015,81133,0.15
March 31 2019,Douglas,WA,Passenger,53,34,87,27886,27973,0.31
April 30 2023,Clallam,WA,Passenger,519,279,798,49124,49922,1.6
November 30 2020,Yakima,WA,Passenger,167,122,289,166974,167263,0.17
February 28 2021,Grant,WA,Passenger,90,86,176,66053,66229,0.27
June 30 2023,Stevens,WA,Truck,1,0,1,18747,18748,0.01
December 31 2021,King,WA,Passenger,35467,10217,45684,1358300,1403984,3.25
March 31 2020,Grant,WA,Passenger,58,71,129,65480,65609,0.2
June 30 2020,Franklin,WA,Truck,0,0,0,19967,19967,0
March 31 2023,Walla Walla,WA,Passenger,209,111,320,35527,35847,0.89
October 31 2021,Wahkiakum,WA,Passenger,17,8,25,3064,3089,0.81
September 30 2021,Lewis,WA,Truck,0,0,0,26698,26698,0
April 30 2017,Jefferson,WA,Passenger,98,56,154,23744,23898,0.64
September 30 2020,Adams,WA,Truck,0,0,0,5307,5307,0
October 31 2017,Garfield,WA,Truck,0,0,0,942,942,0
April 30 2020,Garfield,WA,Truck,0,0,0,966,966,0
January 31 2018,Pend Oreille,WA,Passenger,4,4,8,9443,9451,0.08
January 31 2024,Stevens,WA,Passenger,144,71,215,28992,29207,0.74
April 30 2022,Clark,WA,Truck,3,0,3,83189,83192,0
August 31 2017,Pierce,WA,Truck,0,0,0,137207,137207,0
May 31 2022,Adams,WA,Passenger,16,10,26,12940,12966,0.2
August 31 2019,Pend Oreille,WA,Passenger,5,6,11,9492,9503,0.12
June 30 2023,Grays Harbor,WA,Truck,7,0,7,20974,20981,0.03
January 31 2018,Yakima,WA,Truck,0,0,0,58103,58103,0
August 31 2023,Asotin,WA,Truck,0,0,0,6632,6632,0
April 30 2023,Franklin,WA,Passenger,299,134,433,61957,62390,0.69
March 31 2020,Walla Walla,WA,Passenger,68,63,131,36230,36361,0.36
June 30 2020,Wahkiakum,WA,Truck,0,0,0,1737,1737,0
July 31 2023,Yakima,WA,Truck,13,0,13,61071,61084,0.02
September 30 2018,Klickitat,WA,Passenger,24,32,56,15361,15417,0.36
July 31 2023,Pacific,WA,Passenger,79,93,172,15620,15792,1.09
June 30 2021,Grays Harbor,WA,Passenger,168,144,312,49432,49744,0.63
March 31 2019,Island,WA,Passenger,300,235,535,63104,63639,0.84
August 31 2017,Cowlitz,WA,Truck,0,0,0,27989,27989,0
April 30 2017,Thurston,WA,Truck,0,0,0,53242,53242,0
April 30 2023,Pacific,WA,Truck,3,0,3,7829,7832,0.04
August 31 2023,Pierce,WA,Truck,181,0,181,136103,136284,0.13
September 30 2020,Skamania,WA,Truck,0,0,0,4003,4003,0
May 31 2017,Walla Walla,WA,Truck,0,0,0,13190,13190,0
November 30 2017,Spokane,WA,Passenger,291,239,530,299602,300132,0.18
November 30 2022,Jefferson,WA,Passenger,475,229,704,24372,25076,2.81
October 31 2018,Clallam,WA,Passenger,136,119,255,50306,50561,0.5
April 30 2021,Franklin,WA,Truck,0,0,0,20680,20680,0
July 31 2019,Benton,WA,Truck,0,0,0,42074,42074,0
October 31 2017,Clark,WA,Passenger,829,559,1388,302236,303624,0.46
March 31 2019,Snohomish,WA,Truck,1,0,1,121900,121901,0
May 31 2017,Clark,WA,Truck,0,0,0,77590,77590,0
January 31 2018,Franklin,WA,Passenger,31,51,82,57009,57091,0.14
April 30 2021,Spokane,WA,Truck,0,0,0,101892,101892,0
February 28 2018,San Juan,WA,Truck,0,0,0,5638,5638,0
December 31 2021,Clallam,WA,Passenger,383,239,622,50377,50999,1.22
December 31 2017,Clallam,WA,Passenger,99,91,190,49059,49249,0.39
August 31 2017,Clark,WA,Passenger,794,528,1322,300752,302074,0.44
September 30 2018,Jefferson,WA,Passenger,153,99,252,24691,24943,1.01
February 29 2024,Ferry,WA,Passenger,27,4,31,4099,4130,0.75
September 30 2019,Island,WA,Truck,0,0,0,21282,21282,0
April 30 2022,Whatcom,WA,Truck,4,0,4,43432,43436,0.01
July 31 2023,Pierce,WA,Truck,167,0,167,136588,136755,0.12
July 31 2020,Adams,WA,Truck,0,0,0,5281,5281,0
September 30 2017,Cowlitz,WA,Truck,0,0,0,28038,28038,0
April 30 2020,Cowlitz,WA,Truck,0,0,0,28761,28761,0
October 31 2017,Cowlitz,WA,Passenger,54,65,119,70426,70545,0.17
July 31 2019,Garfield,WA,Passenger,1,1,2,1297,1299,0.15
August 31 2018,Cowlitz,WA,Passenger,62,81,143,71987,72130,0.2
May 31 2022,Kitsap,WA,Passenger,2350,1030,3380,178368,181748,1.86
January 31 2019,Walla Walla,WA,Passenger,42,54,96,36136,36232,0.26
November 30 2020,Pacific,WA,Passenger,36,34,70,15728,15798,0.44
January 31 2017,Clark,WA,Truck,0,0,0,77515,77515,0
September 30 2021,Pacific,WA,Passenger,49,57,106,16064,16170,0.66
November 30 2022,King,WA,Truck,337,2,339,178830,179169,0.19
April 30 2021,Yakima,WA,Passenger,207,139,346,169172,169518,0.2
April 30 2020,Benton,WA,Passenger,347,321,668,134528,135196,0.49
November 30 2023,Pacific,WA,Passenger,89,102,191,15442,15633,1.22
December 31 2020,Kittitas,WA,Truck,0,0,0,14646,14646,0
March 31 2022,Douglas,WA,Truck,0,0,0,12722,12722,0
July 31 2023,Adams,WA,Truck,3,0,3,5338,5341,0.06
February 28 2021,Pacific,WA,Passenger,37,38,75,15810,15885,0.47
August 31 2023,Cowlitz,WA,Truck,10,0,10,28111,28121,0.04
November 30 2023,Cowlitz,WA,Truck,13,0,13,27786,27799,0.05
November 30 2017,Garfield,WA,Passenger,1,0,1,1313,1314,0.08
February 28 2017,Grays Harbor,WA,Truck,0,0,0,19818,19818,0
November 30 2023,King,WA,Passenger,67533,16311,83844,1308942,1392786,6.02
March 31 2022,Grant,WA,Truck,0,0,0,28034,28034,0
July 31 2021,Kitsap,WA,Passenger,1910,869,2779,180509,183288,1.52
August 31 2022,Grant,WA,Passenger,198,106,304,66697,67001,0.45
October 31 2018,Chelan,WA,Truck,0,0,0,22056,22056,0
November 30 2018,Franklin,WA,Passenger,38,64,102,58936,59038,0.17
April 30 2023,Whitman,WA,Truck,4,0,4,8590,8594,0.05
May 31 2017,Clallam,WA,Passenger,84,74,158,48204,48362,0.33
May 31 2020,Asotin,WA,Passenger,16,12,28,12336,12364,0.23
January 31 2020,Yakima,WA,Passenger,121,115,236,166224,166460,0.14
November 30 2023,Yakima,WA,Passenger,613,291,904,165295,166199,0.54
November 30 2020,Klickitat,WA,Passenger,62,42,104,14972,15076,0.69
July 31 2020,Pacific,WA,Passenger,33,33,66,15761,15827,0.42
August 31 2021,Island,WA,Truck,0,0,0,21558,21558,0
September 30 2023,Grays Harbor,WA,Truck,9,0,9,20807,20816,0.04
October 31 2023,Klickitat,WA,Passenger,174,70,244,15042,15286,1.6
September 30 2023,Klickitat,WA,Truck,12,0,12,8207,8219,0.15
July 31 2018,Skagit,WA,Truck,1,0,1,32117,32118,0
March 31 2021,Skagit,WA,Truck,1,0,1,32921,32922,0
December 31 2018,Spokane,WA,Passenger,438,373,811,307125,307936,0.26
October 31 2021,Adams,WA,Passenger,16,14,30,13026,13056,0.23
May 31 2018,Stevens,WA,Truck,0,0,0,18585,18585,0
March 31 2020,Wahkiakum,WA,Truck,0,0,0,1760,1760,0
January 31 2022,Clallam,WA,Passenger,391,241,632,50230,50862,1.24
August 31 2023,Pacific,WA,Passenger,81,93,174,15581,15755,1.1
December 31 2020,Clallam,WA,Passenger,273,185,458,49918,50376,0.91
April 30 2022,Kittitas,WA,Truck,0,0,0,14714,14714,0
July 31 2022,Skamania,WA,Truck,0,0,0,3944,3944,0
December 31 2021,Walla Walla,WA,Passenger,143,86,229,36364,36593,0.63
November 30 2018,Island,WA,Passenger,266,225,491,63090,63581,0.77
May 31 2023,Okanogan,WA,Truck,7,0,7,16486,16493,0.04
July 31 2019,Pierce,WA,Truck,0,0,0,139992,139992,0
June 30 2018,Stevens,WA,Passenger,11,25,36,31631,31667,0.11
December 31 2022,Pierce,WA,Truck,82,0,82,139455,139537,0.06
November 30 2021,Adams,WA,Passenger,16,14,30,13034,13064,0.23
November 30 2020,Thurston,WA,Passenger,1290,762,2052,197068,199120,1.03
May 31 2020,King,WA,Passenger,24013,7686,31699,1374468,1406167,2.25
August 31 2018,Snohomish,WA,Passenger,2471,1310,3781,523564,527345,0.72
December 31 2022,Stevens,WA,Passenger,89,56,145,29947,30092,0.48
August 31 2021,Columbia,WA,Truck,0,0,0,1538,1538,0
November 30 2017,Ferry,WA,Passenger,1,3,4,4408,4412,0.09
August 31 2020,Island,WA,Passenger,434,274,708,62742,63450,1.12
June 30 2018,Wahkiakum,WA,Passenger,1,2,3,2915,2918,0.1
April 30 2017,Skagit,WA,Truck,1,0,1,31394,31395,0
May 31 2020,Chelan,WA,Truck,0,0,0,22428,22428,0
November 30 2017,Adams,WA,Passenger,3,5,8,12355,12363,0.06
November 30 2018,Mason,WA,Truck,0,0,0,20183,20183,0
February 29 2024,King,WA,Passenger,72333,17501,89834,1275377,1365211,6.58
May 31 2017,Pacific,WA,Truck,0,0,0,7461,7461,0
December 31 2019,Chelan,WA,Passenger,201,78,279,54617,54896,0.51
June 30 2017,Stevens,WA,Passenger,8,23,31,31376,31407,0.1
September 30 2022,Douglas,WA,Passenger,147,61,208,28427,28635,0.73
December 31 2019,Whatcom,WA,Truck,2,0,2,43187,43189,0
March 31 2017,Ferry,WA,Passenger,2,1,3,4388,4391,0.07
June 30 2017,Skamania,WA,Truck,0,0,0,3892,3892,0
June 30 2022,Island,WA,Truck,4,0,4,21348,21352,0.02
February 28 2023,Snohomish,WA,Truck,121,0,121,122157,122278,0.1
May 31 2019,Lewis,WA,Passenger,97,95,192,59026,59218,0.32
January 31 2023,King,WA,Truck,462,2,464,177870,178334,0.26
September 30 2017,Benton,WA,Passenger,163,150,313,129253,129566,0.24
July 31 2018,Grays Harbor,WA,Passenger,54,62,116,46757,46873,0.25
September 30 2023,Okanogan,WA,Passenger,140,71,211,26028,26239,0.8
February 28 2017,Franklin,WA,Passenger,26,42,68,55213,55281,0.12
April 30 2020,Whatcom,WA,Passenger,1058,490,1548,150087,151635,1.02
February 28 2018,Stevens,WA,Passenger,10,21,31,31510,31541,0.1
June 30 2018,Asotin,WA,Truck,0,0,0,6614,6614,0
June 30 2020,Garfield,WA,Passenger,0,1,1,1350,1351,0.07
December 31 2017,Grant,WA,Truck,0,0,0,25586,25586,0
April 30 2018,Mason,WA,Passenger,71,85,156,45388,45544,0.34
November 30 2022,Pierce,WA,Truck,71,0,71,139810,139881,0.05
August 31 2023,Spokane,WA,Truck,41,0,41,101717,101758,0.04
July 31 2022,Ferry,WA,Truck,0,0,0,3564,3564,0
November 30 2019,Adams,WA,Passenger,6,7,13,12922,12935,0.1
March 31 2021,King,WA,Passenger,28515,8565,37080,1364468,1401548,2.65
August 31 2023,Whatcom,WA,Passenger,2653,933,3586,147827,151413,2.37
December 31 2020,Wahkiakum,WA,Passenger,6,7,13,3036,3049,0.43
December 31 2017,Klickitat,WA,Truck,0,0,0,7995,7995,0
September 30 2023,Kitsap,WA,Truck,87,0,87,51965,52052,0.17
October 31 2020,Clallam,WA,Passenger,252,173,425,49890,50315,0.84
January 31 2020,Thurston,WA,Passenger,1093,718,1811,199172,200983,0.9
May 31 2018,Skamania,WA,Passenger,12,9,21,8703,8724,0.24
December 31 2021,Columbia,WA,Truck,0,0,0,1555,1555,0
May 31 2021,Chelan,WA,Passenger,322,98,420,54723,55143,0.76
August 31 2019,Lincoln,WA,Truck,0,0,0,4683,4683,0
April 30 2018,King,WA,Passenger,12281,5289,17570,1368122,1385692,1.27
July 31 2017,Adams,WA,Passenger,3,3,6,12182,12188,0.05
July 31 2022,Island,WA,Passenger,833,379,1212,61668,62880,1.93
October 31 2023,San Juan,WA,Truck,18,0,18,5888,5906,0.3
April 30 2023,Stevens,WA,Passenger,107,62,169,29766,29935,0.56
March 31 2021,Kittitas,WA,Passenger,146,55,201,29884,30085,0.67
December 31 2019,Cowlitz,WA,Truck,0,0,0,29030,29030,0
July 31 2019,Island,WA,Passenger,328,244,572,63457,64029,0.89
February 29 2020,Grant,WA,Passenger,58,70,128,65558,65686,0.19
January 31 2020,Garfield,WA,Passenger,0,1,1,1320,1321,0.08
November 30 2023,Wahkiakum,WA,Passenger,30,22,52,3040,3092,1.68
June 30 2020,Island,WA,Passenger,420,269,689,62748,63437,1.09
December 31 2019,Skagit,WA,Passenger,363,213,576,92626,93202,0.62
February 29 2024,Okanogan,WA,Passenger,169,81,250,25154,25404,0.98
July 31 2018,Pierce,WA,Truck,0,0,0,138051,138051,0
February 28 2019,King,WA,Passenger,17526,6761,24287,1379483,1403770,1.73
May 31 2020,Kitsap,WA,Truck,0,0,0,53852,53852,0
March 31 2020,Klickitat,WA,Passenger,51,41,92,15594,15686,0.59
May 31 2022,Pierce,WA,Passenger,4950,2286,7236,546094,553330,1.31
September 30 2023,Spokane,WA,Passenger,2557,1241,3798,321671,325469,1.17
February 28 2019,Clark,WA,Passenger,1337,866,2203,311791,313994,0.7
March 31 2018,Lewis,WA,Passenger,55,49,104,57152,57256,0.18
February 29 2020,Columbia,WA,Truck,0,0,0,1535,1535,0
July 31 2020,Thurston,WA,Truck,0,0,0,55891,55891,0
April 30 2019,Klickitat,WA,Passenger,33,33,66,15506,15572,0.42
February 28 2023,Grays Harbor,WA,Passenger,272,171,443,48592,49035,0.9
February 28 2018,Pacific,WA,Passenger,15,17,32,15457,15489,0.21
October 31 2021,Snohomish,WA,Truck,2,0,2,125747,125749,0
February 28 2019,Spokane,WA,Truck,1,0,1,93870,93871,0
January 31 2023,Snohomish,WA,Truck,112,0,112,122386,122498,0.09
December 31 2020,Grays Harbor,WA,Passenger,127,122,249,48637,48886,0.51
March 31 2018,Kitsap,WA,Passenger,740,428,1168,176861,178029,0.66
December 31 2017,Chelan,WA,Truck,0,0,0,21619,21619,0
February 29 2020,Snohomish,WA,Truck,0,0,0,123713,123713,0
June 30 2020,Klickitat,WA,Truck,0,0,0,8100,8100,0
January 31 2024,Lewis,WA,Passenger,403,317,720,58488,59208,1.22
March 31 2020,Thurston,WA,Truck,0,0,0,55678,55678,0
May 31 2018,Wahkiakum,WA,Passenger,1,2,3,2902,2905,0.1
January 31 2019,Pend Oreille,WA,Passenger,5,5,10,9535,9545,0.1
October 31 2023,Garfield,WA,Passenger,0,4,4,1301,1305,0.31
June 30 2019,Franklin,WA,Passenger,52,70,122,59902,60024,0.2
November 30 2020,San Juan,WA,Truck,0,0,0,5862,5862,0
March 31 2017,Yakima,WA,Truck,0,0,0,57264,57264,0
November 30 2018,Clark,WA,Passenger,1188,830,2018,310954,312972,0.64
August 31 2018,Lewis,WA,Passenger,83,64,147,57868,58015,0.25
April 30 2021,Whitman,WA,Truck,0,0,0,8568,8568,0
July 31 2017,Thurston,WA,Truck,0,0,0,53293,53293,0
October 31 2018,Grant,WA,Truck,0,0,0,26082,26082,0
December 31 2019,Lewis,WA,Passenger,106,104,210,59547,59757,0.35
June 30 2017,Kitsap,WA,Passenger,605,319,924,173360,174284,0.53
April 30 2017,Grays Harbor,WA,Truck,0,0,0,19848,19848,0
March 31 2017,Grant,WA,Truck,0,0,0,25045,25045,0
October 31 2017,Ferry,WA,Passenger,1,1,2,4396,4398,0.05
September 30 2021,Walla Walla,WA,Passenger,128,81,209,36426,36635,0.57
March 31 2022,Jefferson,WA,Passenger,408,207,615,24680,25295,2.43
February 29 2020,Whitman,WA,Truck,0,0,0,8557,8557,0
February 28 2018,Columbia,WA,Truck,0,0,0,1535,1535,0
November 30 2021,Thurston,WA,Truck,0,0,0,56119,56119,0
November 30 2019,Grays Harbor,WA,Truck,0,0,0,20746,20746,0
March 31 2021,Island,WA,Passenger,556,299,855,62906,63761,1.34
September 30 2020,Klickitat,WA,Passenger,58,42,100,15019,15119,0.66
January 31 2023,Grays Harbor,WA,Passenger,260,164,424,48575,48999,0.87
April 30 2019,Columbia,WA,Passenger,2,2,4,2442,2446,0.16
May 31 2017,Whatcom,WA,Passenger,455,167,622,142664,143286,0.43
February 28 2023,Mason,WA,Passenger,393,197,590,46627,47217,1.25
December 31 2018,Okanogan,WA,Passenger,16,22,38,26064,26102,0.15
December 31 2022,Lincoln,WA,Passenger,12,18,30,7760,7790,0.39
December 31 2017,Wahkiakum,WA,Truck,0,0,0,1670,1670,0
October 31 2023,Grant,WA,Truck,12,0,12,27899,27911,0.04
August 31 2022,Clark,WA,Truck,17,0,17,82341,82358,0.02
September 30 2018,Kitsap,WA,Passenger,841,499,1340,179424,180764,0.74
March 31 2023,Skamania,WA,Passenger,96,53,149,8127,8276,1.8
May 31 2021,San Juan,WA,Passenger,423,131,554,14209,14763,3.75
November 30 2022,Thurston,WA,Truck,34,0,34,54698,54732,0.06
June 30 2023,Franklin,WA,Truck,5,0,5,20937,20942,0.02
October 31 2023,Cowlitz,WA,Truck,10,0,10,27874,27884,0.04
November 30 2023,Cowlitz,WA,Passenger,567,248,815,69191,70006,1.16
April 30 2019,Garfield,WA,Truck,0,0,0,957,957,0
October 31 2019,Okanogan,WA,Passenger,24,28,52,26245,26297,0.2
July 31 2023,Kittitas,WA,Truck,10,0,10,14599,14609,0.07
June 30 2022,Thurston,WA,Passenger,2180,1053,3233,194038,197271,1.64
February 29 2024,Adams,WA,Passenger,31,13,44,12605,12649,0.35
February 28 2021,Stevens,WA,Truck,0,0,0,18715,18715,0
November 30 2018,Kitsap,WA,Truck,1,0,1,53644,53645,0
July 31 2021,Asotin,WA,Passenger,21,17,38,12699,12737,0.3
July 31 2018,Lincoln,WA,Passenger,3,6,9,7747,7756,0.12
March 31 2019,Chelan,WA,Truck,0,0,0,22125,22125,0
January 31 2019,Kittitas,WA,Passenger,69,36,105,29465,29570,0.36
December 31 2018,Kitsap,WA,Passenger,945,544,1489,179797,181286,0.82
March 31 2023,Spokane,WA,Passenger,2096,1005,3101,322325,325426,0.95
June 30 2021,Yakima,WA,Passenger,226,155,381,169283,169664,0.22
April 30 2021,Walla Walla,WA,Truck,0,0,0,14045,14045,0
July 31 2021,Skamania,WA,Truck,0,0,0,4024,4024,0
December 31 2021,Klickitat,WA,Passenger,89,53,142,15335,15477,0.92
January 31 2024,Kitsap,WA,Truck,113,0,113,50779,50892,0.22
February 29 2024,Pierce,WA,Passenger,9886,3241,13127,505941,519068,2.53
September 30 2017,Clallam,WA,Passenger,95,83,178,48611,48789,0.36
September 30 2022,Adams,WA,Truck,1,0,1,5422,5423,0.02
January 31 2018,Lewis,WA,Passenger,52,45,97,56806,56903,0.17
September 30 2021,Douglas,WA,Passenger,103,51,154,28568,28722,0.54
June 30 2019,Kittitas,WA,Truck,0,0,0,14426,14426,0
August 31 2017,Island,WA,Truck,0,0,0,20515,20515,0
October 31 2023,Jefferson,WA,Truck,13,0,13,9239,9252,0.14
July 31 2022,Grant,WA,Passenger,183,100,283,66616,66899,0.42
October 31 2018,Cowlitz,WA,Passenger,69,86,155,72154,72309,0.21
October 31 2023,Clallam,WA,Passenger,633,310,943,48812,49755,1.9
August 31 2021,Wahkiakum,WA,Truck,0,0,0,1800,1800,0
October 31 2020,Clark,WA,Passenger,2212,1121,3333,318736,322069,1.03
August 31 2019,Douglas,WA,Truck,0,0,0,12260,12260,0
May 31 2023,Walla Walla,WA,Passenger,215,114,329,35465,35794,0.92
December 31 2018,Chelan,WA,Truck,0,0,0,22050,22050,0
October 31 2020,Klickitat,WA,Truck,0,0,0,8086,8086,0
July 31 2020,Pierce,WA,Passenger,2467,1696,4163,551196,555359,0.75
May 31 2021,Klickitat,WA,Truck,0,0,0,8258,8258,0
August 31 2020,Columbia,WA,Passenger,3,3,6,2424,2430,0.25
July 31 2018,Kittitas,WA,Truck,0,0,0,14056,14056,0
January 31 2024,Yakima,WA,Passenger,658,302,960,163826,164786,0.58
April 30 2017,Asotin,WA,Passenger,6,2,8,12338,12346,0.06
October 31 2023,Pend Oreille,WA,Truck,0,0,0,5566,5566,0
April 30 2019,Walla Walla,WA,Passenger,46,57,103,36133,36236,0.28
August 31 2018,Mason,WA,Truck,0,0,0,20078,20078,0
May 31 2021,Skagit,WA,Passenger,577,265,842,91919,92761,0.91
April 30 2023,Pend Oreille,WA,Truck,0,0,0,5623,5623,0
September 30 2021,Stevens,WA,Passenger,51,42,93,30304,30397,0.31
October 31 2020,King,WA,Truck,5,1,6,184024,184030,0
January 31 2019,Spokane,WA,Passenger,470,380,850,307559,308409,0.28
January 31 2020,Whitman,WA,Passenger,42,48,90,22656,22746,0.4
May 31 2017,Skamania,WA,Passenger,9,7,16,8530,8546,0.19
August 31 2021,Pend Oreille,WA,Passenger,16,7,23,9240,9263,0.25
February 28 2023,Douglas,WA,Passenger,179,58,237,28600,28837,0.82
June 30 2019,King,WA,Truck,5,1,6,182050,182056,0
August 31 2019,Adams,WA,Passenger,5,5,10,12838,12848,0.08
September 30 2019,Pend Oreille,WA,Passenger,6,6,12,9471,9483,0.13
August 31 2020,Clark,WA,Truck,0,0,0,82696,82696,0
January 31 2023,Yakima,WA,Passenger,434,228,662,166369,167031,0.4
January 31 2023,Spokane,WA,Truck,21,0,21,101782,101803,0.02
March 31 2022,San Juan,WA,Passenger,492,152,644,14122,14766,4.36
November 30 2017,Kittitas,WA,Truck,0,0,0,13759,13759,0
August 31 2023,Pend Oreille,WA,Passenger,30,17,47,8873,8920,0.53
October 31 2018,Mason,WA,Truck,0,0,0,20167,20167,0
December 31 2020,Kitsap,WA,Passenger,1555,755,2310,179742,182052,1.27
November 30 2022,Pierce,WA,Passenger,5991,2472,8463,539201,547664,1.55
October 31 2023,Thurston,WA,Truck,70,0,70,53416,53486,0.13
March 31 2023,Clark,WA,Truck,77,0,77,81550,81627,0.09
February 28 2017,Klickitat,WA,Passenger,20,22,42,14768,14810,0.28
January 31 2021,Okanogan,WA,Passenger,56,36,92,26127,26219,0.35
June 30 2021,Chelan,WA,Truck,0,0,0,23118,23118,0
October 31 2018,Spokane,WA,Passenger,382,352,734,306155,306889,0.24
October 31 2023,Kittitas,WA,Truck,12,0,12,14503,14515,0.08
April 30 2019,Whitman,WA,Passenger,29,45,74,22704,22778,0.32
December 31 2020,San Juan,WA,Passenger,365,111,476,14015,14491,3.28
September 30 2017,Grant,WA,Passenger,20,33,53,61453,61506,0.09
October 31 2023,Columbia,WA,Truck,0,0,0,1545,1545,0
April 30 2017,Garfield,WA,Passenger,0,0,0,1283,1283,0
October 31 2021,Jefferson,WA,Passenger,361,191,552,24766,25318,2.18
March 31 2023,Jefferson,WA,Truck,9,0,9,9327,9336,0.1
February 28 2017,Yakima,WA,Passenger,36,50,86,159119,159205,0.05
February 28 2023,Franklin,WA,Truck,4,0,4,20964,20968,0.02
August 31 2019,Wahkiakum,WA,Truck,0,0,0,1763,1763,0
July 31 2019,Wahkiakum,WA,Truck,0,0,0,1761,1761,0
May 31 2019,Klickitat,WA,Passenger,35,33,68,15549,15617,0.44
January 31 2021,Snohomish,WA,Passenger,5175,1874,7049,538237,545286,1.29
December 31 2021,Stevens,WA,Truck,0,0,0,18927,18927,0
May 31 2022,Asotin,WA,Passenger,23,19,42,12716,12758,0.33
April 30 2022,Columbia,WA,Truck,0,0,0,1588,1588,0
April 30 2017,San Juan,WA,Passenger,98,35,133,13478,13611,0.98
December 31 2021,Asotin,WA,Passenger,22,17,39,12707,12746,0.31
March 31 2023,Grant,WA,Passenger,255,113,368,66949,67317,0.55
October 31 2022,Chelan,WA,Truck,8,0,8,23070,23078,0.03
October 31 2022,Grays Harbor,WA,Truck,2,0,2,21078,21080,0.01
January 31 2019,Cowlitz,WA,Passenger,79,96,175,72550,72725,0.24
March 31 2020,Lewis,WA,Passenger,105,110,215,59200,59415,0.36
February 29 2024,Snohomish,WA,Truck,301,0,301,115294,115595,0.26
September 30 2018,Skamania,WA,Truck,0,0,0,3968,3968,0
February 29 2020,Skagit,WA,Truck,1,0,1,32553,32554,0
July 31 2018,Lewis,WA,Passenger,83,61,144,57815,57959,0.25
December 31 2022,Columbia,WA,Passenger,7,1,8,2437,2445,0.33
March 31 2022,Walla Walla,WA,Truck,0,0,0,14030,14030,0
August 31 2023,Douglas,WA,Truck,7,0,7,13040,13047,0.05
February 28 2022,Benton,WA,Passenger,662,451,1113,135760,136873,0.81
September 30 2017,Grant,WA,Truck,0,0,0,25424,25424,0
February 28 2022,Skagit,WA,Truck,1,0,1,32617,32618,0
May 31 2020,Snohomish,WA,Passenger,4401,1747,6148,533774,539922,1.14
October 31 2018,Stevens,WA,Truck,0,0,0,18716,18716,0
March 31 2021,San Juan,WA,Truck,0,0,0,5881,5881,0
October 31 2021,Pend Oreille,WA,Truck,0,0,0,5682,5682,0
October 31 2021,Jefferson,WA,Truck,0,0,0,9589,9589,0
October 31 2017,Spokane,WA,Passenger,286,238,524,298870,299394,0.18
October 31 2023,King,WA,Passenger,66195,16120,82315,1314394,1396709,5.89
November 30 2021,Lewis,WA,Truck,0,0,0,26709,26709,0
December 31 2020,San Juan,WA,Truck,0,0,0,5870,5870,0
April 30 2019,Grays Harbor,WA,Truck,0,0,0,20394,20394,0
September 30 2021,Stevens,WA,Truck,0,0,0,18885,18885,0
June 30 2018,San Juan,WA,Passenger,145,61,206,14063,14269,1.44
October 31 2023,Thurston,WA,Passenger,3601,1324,4925,188943,193868,2.54
March 31 2017,Pierce,WA,Truck,0,0,0,138150,138150,0
August 31 2021,Lewis,WA,Truck,0,0,0,26742,26742,0
March 31 2020,Kitsap,WA,Truck,1,0,1,54199,54200,0
October 31 2017,Okanogan,WA,Truck,0,0,0,16244,16244,0
October 31 2019,Mason,WA,Truck,0,0,0,20458,20458,0
September 30 2019,Pend Oreille,WA,Truck,0,0,0,5710,5710,0
December 31 2017,Ferry,WA,Truck,0,0,0,3525,3525,0
October 31 2020,Klickitat,WA,Passenger,59,44,103,14999,15102,0.68
July 31 2023,Island,WA,Passenger,1116,445,1561,60981,62542,2.5
July 31 2019,Wahkiakum,WA,Passenger,2,2,4,3006,3010,0.13
May 31 2023,Walla Walla,WA,Truck,5,0,5,13770,13775,0.04
July 31 2018,Kitsap,WA,Truck,1,0,1,53369,53370,0
January 31 2022,Columbia,WA,Truck,0,0,0,1557,1557,0
December 31 2017,San Juan,WA,Truck,0,0,0,5601,5601,0
January 31 2019,Whatcom,WA,Passenger,778,374,1152,149676,150828,0.76
October 31 2020,Spokane,WA,Truck,0,0,0,100178,100178,0
March 31 2021,Stevens,WA,Truck,0,0,0,18793,18793,0
July 31 2023,Walla Walla,WA,Truck,6,0,6,13682,13688,0.04
July 31 2022,Yakima,WA,Passenger,353,198,551,166592,167143,0.33
October 31 2019,Columbia,WA,Passenger,3,2,5,2436,2441,0.2
June 30 2018,Clallam,WA,Passenger,124,112,236,49917,50153,0.47
July 31 2020,Cowlitz,WA,Truck,0,0,0,28874,28874,0
July 31 2022,Asotin,WA,Passenger,24,19,43,12623,12666,0.34
October 31 2022,Snohomish,WA,Passenger,9422,2667,12089,530506,542595,2.23
August 31 2022,Douglas,WA,Passenger,141,60,201,28368,28569,0.7
November 30 2018,Adams,WA,Truck,0,0,0,5158,5158,0
July 31 2017,Clallam,WA,Truck,0,0,0,21042,21042,0
October 31 2022,Kittitas,WA,Passenger,291,94,385,29565,29950,1.29
September 30 2019,Pacific,WA,Passenger,25,29,54,16074,16128,0.33
January 31 2024,Skagit,WA,Truck,35,0,35,30887,30922,0.11
June 30 2023,Whitman,WA,Passenger,150,79,229,22011,22240,1.03
January 31 2021,Yakima,WA,Passenger,179,129,308,167529,167837,0.18
July 31 2018,Cowlitz,WA,Passenger,57,77,134,71870,72004,0.19
July 31 2017,Kitsap,WA,Passenger,622,324,946,173368,174314,0.54
April 30 2023,Asotin,WA,Passenger,34,21,55,12357,12412,0.44
September 30 2017,Whitman,WA,Truck,0,0,0,8430,8430,0
August 31 2022,Jefferson,WA,Truck,3,0,3,9419,9422,0.03
March 31 2018,Columbia,WA,Passenger,2,1,3,2409,2412,0.12
June 30 2019,Adams,WA,Truck,0,0,0,5125,5125,0
October 31 2017,Whitman,WA,Passenger,12,20,32,22298,22330,0.14
November 30 2023,Garfield,WA,Passenger,0,3,3,1301,1304,0.23
November 30 2019,Jefferson,WA,Passenger,212,132,344,25177,25521,1.35
December 31 2021,Adams,WA,Passenger,17,14,31,13071,13102,0.24
April 30 2017,Whatcom,WA,Truck,2,0,2,41450,41452,0
March 31 2022,Cowlitz,WA,Truck,0,1,1,28852,28853,0
November 30 2019,Mason,WA,Passenger,140,128,268,47598,47866,0.56
November 30 2018,Skamania,WA,Truck,0,0,0,4005,4005,0
December 31 2022,Clark,WA,Truck,51,0,51,81860,81911,0.06
November 30 2023,Whatcom,WA,Truck,82,0,82,42122,42204,0.19
January 31 2017,Chelan,WA,Passenger,54,28,82,51899,51981,0.16
January 31 2021,Cowlitz,WA,Passenger,188,129,317,72149,72466,0.44
March 31 2018,Thurston,WA,Passenger,518,432,950,191100,192050,0.49
November 30 2021,Whitman,WA,Passenger,66,58,124,21929,22053,0.56
September 30 2023,Jefferson,WA,Passenger,606,269,875,24173,25048,3.49
October 31 2023,Grays Harbor,WA,Truck,9,0,9,20792,20801,0.04
May 31 2021,Douglas,WA,Passenger,92,47,139,28514,28653,0.49
February 28 2021,Ferry,WA,Truck,0,0,0,3626,3626,0
March 31 2018,Grays Harbor,WA,Passenger,45,46,91,46087,46178,0.2
September 30 2021,Pend Oreille,WA,Truck,0,0,0,5685,5685,0
January 31 2021,Skamania,WA,Truck,0,0,0,4016,4016,0
January 31 2024,Spokane,WA,Truck,70,0,70,99532,99602,0.07
June 30 2023,San Juan,WA,Truck,11,0,11,5927,5938,0.19
February 28 2018,Columbia,WA,Passenger,2,1,3,2407,2410,0.12
March 31 2023,Skagit,WA,Truck,17,0,17,32024,32041,0.05
February 28 2022,Spokane,WA,Truck,0,0,0,102527,102527,0
June 30 2023,Okanogan,WA,Passenger,124,64,188,26218,26406,0.71
January 31 2022,Lincoln,WA,Passenger,6,17,23,7736,7759,0.3
July 31 2019,Thurston,WA,Truck,0,0,0,55256,55256,0
July 31 2020,Pacific,WA,Truck,0,0,0,7713,7713,0
September 30 2023,San Juan,WA,Truck,17,0,17,5902,5919,0.29
May 31 2023,Douglas,WA,Truck,7,0,7,12965,12972,0.05
January 31 2019,Asotin,WA,Truck,0,0,0,6644,6644,0
December 31 2019,Skagit,WA,Truck,1,0,1,32561,32562,0
March 31 2020,Franklin,WA,Truck,0,0,0,19897,19897,0
September 30 2019,Skamania,WA,Truck,0,0,0,4084,4084,0
November 30 2018,Garfield,WA,Passenger,1,1,2,1330,1332,0.15
August 31 2017,Snohomish,WA,Passenger,1847,941,2788,513677,516465,0.54
February 28 2023,Clallam,WA,Passenger,504,272,776,49310,50086,1.55
August 31 2017,Wahkiakum,WA,Passenger,0,2,2,2834,2836,0.07
February 28 2022,Spokane,WA,Passenger,1388,784,2172,325931,328103,0.66
November 30 2017,Douglas,WA,Passenger,37,33,70,27075,27145,0.26
November 30 2018,Skamania,WA,Passenger,18,14,32,8728,8760,0.37
January 31 2023,Wahkiakum,WA,Truck,1,0,1,1792,1793,0.06
September 30 2020,King,WA,Truck,5,1,6,183640,183646,0
December 31 2018,Skagit,WA,Passenger,259,187,446,91187,91633,0.49
May 31 2020,Jefferson,WA,Truck,0,0,0,9507,9507,0
February 28 2023,Kitsap,WA,Truck,48,0,48,52758,52806,0.09
February 28 2023,Okanogan,WA,Passenger,108,56,164,26124,26288,0.62
March 31 2020,Grant,WA,Truck,0,0,0,27050,27050,0
June 30 2018,Yakima,WA,Passenger,60,88,148,163766,163914,0.09
October 31 2020,Kittitas,WA,Passenger,121,49,170,29697,29867,0.57
October 31 2023,Okanogan,WA,Truck,8,0,8,16237,16245,0.05
February 28 2023,Whitman,WA,Passenger,124,70,194,21999,22193,0.87
May 31 2020,Franklin,WA,Passenger,58,75,133,60558,60691,0.22
February 28 2023,San Juan,WA,Passenger,577,172,749,13874,14623,5.12
April 30 2018,Klickitat,WA,Truck,0,0,0,8064,8064,0
December 31 2018,San Juan,WA,Passenger,183,69,252,14216,14468,1.74
December 31 2017,Yakima,WA,Truck,0,0,0,58008,58008,0
July 31 2023,Ferry,WA,Truck,0,0,0,3583,3583,0
June 30 2020,Grant,WA,Truck,0,0,0,27077,27077,0
May 31 2023,Grays Harbor,WA,Passenger,292,182,474,48341,48815,0.97
September 30 2022,Island,WA,Passenger,875,381,1256,61539,62795,2
February 28 2021,Grays Harbor,WA,Truck,0,0,0,21245,21245,0
September 30 2020,Pend Oreille,WA,Truck,0,0,0,5725,5725,0
February 29 2024,Kitsap,WA,Passenger,4074,1530,5604,169667,175271,3.2
April 30 2021,Okanogan,WA,Truck,0,0,0,16743,16743,0
April 30 2023,Walla Walla,WA,Truck,5,0,5,13746,13751,0.04
April 30 2022,Garfield,WA,Truck,0,0,0,989,989,0
January 31 2019,Ferry,WA,Passenger,3,2,5,4389,4394,0.11
January 31 2022,Chelan,WA,Passenger,421,117,538,54570,55108,0.98
January 31 2022,Thurston,WA,Passenger,1920,972,2892,196159,199051,1.45
April 30 2022,Wahkiakum,WA,Passenger,20,11,31,3077,3108,1
February 28 2023,Skagit,WA,Truck,13,0,13,32047,32060,0.04
July 31 2019,Skamania,WA,Passenger,25,18,43,8734,8777,0.49
August 31 2017,Skamania,WA,Truck,0,0,0,3876,3876,0
February 28 2022,Yakima,WA,Truck,0,0,0,61642,61642,0
October 31 2023,Asotin,WA,Passenger,41,26,67,12263,12330,0.54
August 31 2019,Stevens,WA,Passenger,22,29,51,31688,31739,0.16
May 31 2018,Whitman,WA,Truck,0,0,0,8473,8473,0
August 31 2018,Okanogan,WA,Passenger,10,20,30,26056,26086,0.12
March 31 2019,Jefferson,WA,Passenger,179,118,297,24876,25173,1.18
November 30 2023,Lincoln,WA,Passenger,21,24,45,7554,7599,0.59
October 31 2019,Pierce,WA,Passenger,2058,1628,3686,546761,550447,0.67
May 31 2019,Grant,WA,Truck,0,0,0,26527,26527,0
December 31 2017,Thurston,WA,Passenger,470,391,861,190000,190861,0.45
March 31 2017,Wahkiakum,WA,Truck,0,0,0,1635,1635,0
November 30 2021,Jefferson,WA,Truck,0,0,0,9598,9598,0
May 31 2022,Franklin,WA,Passenger,181,110,291,61981,62272,0.47
July 31 2017,Chelan,WA,Truck,0,0,0,21328,21328,0
July 31 2021,Cowlitz,WA,Truck,0,0,0,29109,29109,0
November 30 2021,Pierce,WA,Passenger,4128,2106,6234,556812,563046,1.11
September 30 2022,Garfield,WA,Truck,0,0,0,968,968,0
February 28 2022,Grays Harbor,WA,Truck,0,0,0,21333,21333,0
July 31 2021,Clark,WA,Passenger,2977,1457,4434,322238,326672,1.36
February 28 2022,Snohomish,WA,Passenger,7448,2310,9758,535646,545404,1.79
April 30 2022,Grant,WA,Passenger,159,98,257,66847,67104,0.38
April 30 2021,Grant,WA,Truck,0,0,0,27872,27872,0
March 31 2017,Jefferson,WA,Passenger,94,57,151,23648,23799,0.63
June 30 2020,Asotin,WA,Truck,0,0,0,6642,6642,0
March 31 2022,Clark,WA,Passenger,3743,1654,5397,318109,323506,1.67
April 30 2023,Adams,WA,Truck,2,0,2,5337,5339,0.04
May 31 2022,Pend Oreille,WA,Truck,0,0,0,5626,5626,0
August 31 2023,Skagit,WA,Truck,26,0,26,31783,31809,0.08
March 31 2018,Adams,WA,Truck,0,0,0,5150,5150,0
August 31 2018,Thurston,WA,Passenger,603,516,1119,194180,195299,0.57
June 30 2019,Asotin,WA,Truck,0,0,0,6669,6669,0
April 30 2022,Yakima,WA,Passenger,318,183,501,167341,167842,0.3
September 30 2019,Ferry,WA,Passenger,5,2,7,4424,4431,0.16
October 31 2017,Stevens,WA,Truck,0,0,0,18301,18301,0
September 30 2023,Columbia,WA,Truck,0,0,0,1550,1550,0
February 29 2024,Cowlitz,WA,Truck,14,0,14,26789,26803,0.05
September 30 2017,Franklin,WA,Passenger,29,48,77,56176,56253,0.14
June 30 2022,Walla Walla,WA,Passenger,172,100,272,35899,36171,0.75
March 31 2022,Douglas,WA,Passenger,125,56,181,28516,28697,0.63
November 30 2018,Columbia,WA,Passenger,2,2,4,2438,2442,0.16
September 30 2019,Franklin,WA,Passenger,51,73,124,60351,60475,0.21
May 31 2017,Island,WA,Passenger,113,130,243,59912,60155,0.4
December 31 2023,Jefferson,WA,Passenger,657,276,933,23993,24926,3.74
April 30 2017,Walla Walla,WA,Truck,0,0,0,13178,13178,0
September 30 2018,Garfield,WA,Passenger,1,1,2,1320,1322,0.15
March 31 2023,Pacific,WA,Truck,3,0,3,7825,7828,0.04
November 30 2018,Chelan,WA,Truck,0,0,0,22080,22080,0
April 30 2023,Grant,WA,Truck,10,0,10,27989,27999,0.04
January 31 2023,Okanogan,WA,Truck,2,0,2,16432,16434,0.01
December 31 2022,Chelan,WA,Passenger,534,142,676,54208,54884,1.23
August 31 2020,Whitman,WA,Passenger,46,48,94,22012,22106,0.43
August 31 2021,Lincoln,WA,Passenger,7,15,22,7692,7714,0.29
July 31 2020,Clallam,WA,Truck,1,0,1,21692,21693,0
August 31 2022,Cowlitz,WA,Truck,2,0,2,28438,28440,0.01
August 31 2021,Kitsap,WA,Passenger,1951,886,2837,180521,183358,1.55
September 30 2022,Kitsap,WA,Passenger,2565,1109,3674,177484,181158,2.03
April 30 2023,Ferry,WA,Passenger,19,4,23,4343,4366,0.53
November 30 2019,Clark,WA,Truck,0,0,0,81268,81268,0
July 31 2019,Ferry,WA,Truck,0,0,0,3581,3581,0
June 30 2017,Yakima,WA,Truck,0,0,0,57350,57350,0
July 31 2021,King,WA,Passenger,31548,9347,40895,1366192,1407087,2.91
August 31 2019,King,WA,Passenger,20002,7201,27203,1392708,1419911,1.92
April 30 2023,Lewis,WA,Truck,6,0,6,26094,26100,0.02
January 31 2021,Skagit,WA,Truck,1,0,1,32853,32854,0
December 31 2023,Kitsap,WA,Truck,106,0,106,51313,51419,0.21
January 31 2018,Lincoln,WA,Passenger,2,5,7,7586,7593,0.09
July 31 2018,Wahkiakum,WA,Passenger,1,1,2,2937,2939,0.07
December 31 2018,Kitsap,WA,Truck,1,0,1,53627,53628,0
February 29 2024,Lewis,WA,Truck,14,0,14,24676,24690,0.06
May 31 2018,Lewis,WA,Passenger,78,56,134,57566,57700,0.23
April 30 2020,Clallam,WA,Truck,1,0,1,21689,21690,0
October 31 2018,Whatcom,WA,Truck,2,0,2,42555,42557,0
January 31 2021,Stevens,WA,Passenger,37,40,77,30256,30333,0.25
June 30 2019,Clallam,WA,Passenger,173,141,314,50501,50815,0.62
February 28 2019,Thurston,WA,Passenger,782,593,1375,195800,197175,0.7
December 31 2021,Grays Harbor,WA,Passenger,192,157,349,49426,49775,0.7
May 31 2020,Yakima,WA,Passenger,132,117,249,164992,165241,0.15
October 31 2018,Jefferson,WA,Passenger,163,101,264,24781,25045,1.05
March 31 2019,Kittitas,WA,Truck,0,0,0,14253,14253,0
August 31 2023,Whatcom,WA,Truck,66,0,66,42603,42669,0.15
January 31 2023,Grant,WA,Truck,5,0,5,28015,28020,0.02
June 30 2019,Wahkiakum,WA,Truck,0,0,0,1755,1755,0
June 30 2022,San Juan,WA,Passenger,513,157,670,14056,14726,4.55
November 30 2018,Ferry,WA,Passenger,3,2,5,4384,4389,0.11
November 30 2018,Thurston,WA,Truck,0,0,0,54920,54920,0
October 31 2019,King,WA,Passenger,21365,7390,28755,1395699,1424454,2.02
June 30 2018,Pend Oreille,WA,Passenger,5,5,10,9549,9559,0.1
December 31 2018,Douglas,WA,Passenger,50,34,84,28006,28090,0.3
December 31 2022,Jefferson,WA,Truck,6,0,6,9358,9364,0.06
August 31 2017,Yakima,WA,Passenger,54,67,121,160136,160257,0.08
February 29 2020,Yakima,WA,Passenger,123,116,239,165932,166171,0.14
September 30 2020,Ferry,WA,Passenger,8,3,11,4306,4317,0.25
June 30 2021,Columbia,WA,Passenger,6,2,8,2466,2474,0.32
September 30 2023,Whatcom,WA,Passenger,2726,960,3686,147563,151249,2.44
March 31 2023,Pend Oreille,WA,Passenger,28,13,41,8921,8962,0.46
July 31 2021,Pacific,WA,Truck,0,0,0,7957,7957,0
February 29 2020,Clallam,WA,Passenger,206,163,369,50804,51173,0.72
August 31 2020,Walla Walla,WA,Passenger,81,65,146,35880,36026,0.41
November 30 2023,Walla Walla,WA,Truck,9,0,9,13572,13581,0.07
February 29 2020,Island,WA,Passenger,401,264,665,63417,64082,1.04
November 30 2019,Columbia,WA,Passenger,3,2,5,2444,2449,0.2
July 31 2021,Clark,WA,Truck,0,0,0,84234,84234,0
October 31 2017,Benton,WA,Truck,0,0,0,40389,40389,0
September 30 2023,Ferry,WA,Truck,0,0,0,3527,3527,0
October 31 2023,Douglas,WA,Truck,8,0,8,12966,12974,0.06
November 30 2023,Skagit,WA,Truck,30,0,30,31385,31415,0.1
September 30 2017,San Juan,WA,Truck,0,0,0,5556,5556,0
August 31 2023,San Juan,WA,Truck,15,0,15,5922,5937,0.25
July 31 2018,Pend Oreille,WA,Truck,0,0,0,5699,5699,0
February 28 2021,San Juan,WA,Passenger,383,118,501,14052,14553,3.44
July 31 2018,Adams,WA,Passenger,5,5,10,12637,12647,0.08
June 30 2019,Lewis,WA,Truck,0,0,0,25948,25948,0
October 31 2023,Kitsap,WA,Passenger,3707,1429,5136,174860,179996,2.85
May 31 2023,Spokane,WA,Passenger,2228,1063,3291,322519,325810,1.01
June 30 2017,Clark,WA,Truck,0,0,0,77639,77639,0
June 30 2019,Ferry,WA,Truck,0,0,0,3571,3571,0
July 31 2021,Pierce,WA,Passenger,3636,2014,5650,559184,564834,1
February 29 2024,Klickitat,WA,Passenger,190,75,265,14643,14908,1.78
February 28 2022,Pierce,WA,Truck,2,0,2,143934,143936,0
June 30 2017,Benton,WA,Truck,0,0,0,40055,40055,0
March 31 2017,Snohomish,WA,Truck,1,0,1,122200,122201,0
October 31 2021,Douglas,WA,Truck,0,0,0,12675,12675,0
April 30 2018,Wahkiakum,WA,Truck,0,0,0,1668,1668,0
September 30 2020,Stevens,WA,Truck,0,0,0,18701,18701,0
October 31 2022,Clallam,WA,Truck,7,0,7,21878,21885,0.03
November 30 2018,Pacific,WA,Truck,0,0,0,7608,7608,0
December 31 2017,Douglas,WA,Passenger,38,33,71,27173,27244,0.26
June 30 2017,Lewis,WA,Passenger,51,36,87,55550,55637,0.16
December 31 2018,Stevens,WA,Truck,0,0,0,18759,18759,0
November 30 2017,Walla Walla,WA,Truck,0,0,0,13312,13312,0
July 31 2021,Klickitat,WA,Passenger,77,50,127,15336,15463,0.82
December 31 2020,Benton,WA,Passenger,439,355,794,134942,135736,0.58
December 31 2020,Skamania,WA,Truck,0,0,0,4003,4003,0
October 31 2018,Pacific,WA,Truck,0,0,0,7628,7628,0
June 30 2017,Benton,WA,Passenger,148,143,291,128502,128793,0.23
February 28 2019,Cowlitz,WA,Truck,0,0,0,28724,28724,0
May 31 2020,Stevens,WA,Truck,0,0,0,18595,18595,0
May 31 2022,Clark,WA,Truck,5,0,5,82870,82875,0.01
February 29 2020,Lewis,WA,Passenger,108,107,215,59572,59787,0.36
April 30 2023,Yakima,WA,Passenger,466,241,707,165934,166641,0.42
October 31 2019,Snohomish,WA,Truck,0,0,0,122999,122999,0
September 30 2017,Columbia,WA,Passenger,1,1,2,2379,2381,0.08
March 31 2020,King,WA,Passenger,23880,7718,31598,1396610,1428208,2.21
October 31 2018,Whatcom,WA,Passenger,700,340,1040,148776,149816,0.69
April 30 2022,Spokane,WA,Truck,0,0,0,102332,102332,0
February 29 2020,Lewis,WA,Truck,0,0,0,26100,26100,0
April 30 2022,Adams,WA,Passenger,16,10,26,12970,12996,0.2
August 31 2018,Grays Harbor,WA,Truck,0,0,0,20304,20304,0
January 31 2019,Douglas,WA,Passenger,51,35,86,28009,28095,0.31
April 30 2019,Cowlitz,WA,Passenger,89,101,190,72737,72927,0.26
September 30 2019,Kittitas,WA,Passenger,81,44,125,29830,29955,0.42
January 31 2024,Skamania,WA,Passenger,137,53,190,7751,7941,2.39
January 31 2022,Lewis,WA,Truck,0,0,0,26645,26645,0
June 30 2018,Kitsap,WA,Passenger,796,460,1256,178497,179753,0.7
March 31 2022,Lewis,WA,Passenger,225,166,391,59469,59860,0.65
March 31 2023,Okanogan,WA,Truck,3,0,3,16495,16498,0.02
July 31 2023,Thurston,WA,Passenger,3191,1256,4447,190075,194522,2.29
February 29 2020,Clallam,WA,Truck,1,0,1,21833,21834,0
October 31 2018,Thurston,WA,Passenger,663,551,1214,194985,196199,0.62
February 29 2020,Klickitat,WA,Passenger,49,41,90,15684,15774,0.57
January 31 2022,Adams,WA,Truck,0,0,0,5433,5433,0
September 30 2017,Klickitat,WA,Passenger,23,26,49,14775,14824,0.33
November 30 2022,San Juan,WA,Passenger,553,168,721,13966,14687,4.91
June 30 2019,Snohomish,WA,Passenger,3472,1593,5065,531401,536466,0.94
March 31 2021,Pierce,WA,Truck,0,0,0,145274,145274,0
May 31 2022,Clark,WA,Passenger,3935,1734,5669,316542,322211,1.76
April 30 2023,Okanogan,WA,Passenger,120,58,178,26111,26289,0.68
October 31 2022,Kitsap,WA,Truck,25,0,25,53061,53086,0.05
July 31 2020,Spokane,WA,Truck,1,0,1,98959,98960,0
April 30 2019,Columbia,WA,Truck,0,0,0,1531,1531,0
April 30 2017,Kittitas,WA,Passenger,22,17,39,27200,27239,0.14
August 31 2021,Benton,WA,Passenger,565,409,974,136140,137114,0.71
June 30 2021,Garfield,WA,Passenger,0,3,3,1373,1376,0.22
June 30 2022,King,WA,Passenger,40710,11306,52016,1347586,1399602,3.72
January 31 2019,Skamania,WA,Truck,0,0,0,4007,4007,0
January 31 2020,Franklin,WA,Truck,0,0,0,19847,19847,0
January 31 2018,San Juan,WA,Truck,0,0,0,5641,5641,0
April 30 2023,Pierce,WA,Truck,140,0,140,137746,137886,0.1
August 31 2023,San Juan,WA,Passenger,643,175,818,13752,14570,5.61
August 31 2022,Stevens,WA,Truck,1,0,1,18892,18893,0.01
November 30 2019,Kittitas,WA,Truck,0,0,0,14621,14621,0
January 31 2019,Thurston,WA,Truck,0,0,0,54919,54919,0
August 31 2023,Skagit,WA,Passenger,1188,435,1623,88578,90201,1.8
August 31 2020,Chelan,WA,Passenger,248,80,328,54170,54498,0.6
December 31 2022,Snohomish,WA,Truck,91,0,91,122478,122569,0.07
April 30 2021,Lincoln,WA,Truck,0,0,0,4750,4750,0
March 31 2019,Asotin,WA,Passenger,12,9,21,12657,12678,0.17
January 31 2023,Columbia,WA,Truck,0,0,0,1574,1574,0
April 30 2019,Mason,WA,Passenger,117,116,233,46852,47085,0.49
February 28 2022,Asotin,WA,Passenger,22,18,40,12631,12671,0.32
December 31 2023,Jefferson,WA,Truck,18,0,18,9153,9171,0.2
February 29 2024,Asotin,WA,Truck,2,0,2,6389,6391,0.03
July 31 2019,Kitsap,WA,Passenger,1092,625,1717,181201,182918,0.94
April 30 2022,Pacific,WA,Passenger,60,68,128,15926,16054,0.8
December 31 2022,Chelan,WA,Truck,13,0,13,23081,23094,0.06
May 31 2019,Douglas,WA,Truck,0,0,0,12180,12180,0
October 31 2022,Benton,WA,Truck,7,0,7,43322,43329,0.02
March 31 2020,Pend Oreille,WA,Truck,0,0,0,5755,5755,0
September 30 2020,Lincoln,WA,Truck,0,0,0,4638,4638,0
August 31 2018,Asotin,WA,Passenger,11,8,19,12659,12678,0.15
April 30 2017,Chelan,WA,Truck,0,0,0,21207,21207,0
June 30 2021,Adams,WA,Passenger,16,11,27,13028,13055,0.21
November 30 2018,Skagit,WA,Truck,1,0,1,32338,32339,0
April 30 2020,King,WA,Truck,5,1,6,181489,181495,0
October 31 2019,Pend Oreille,WA,Passenger,7,6,13,9491,9504,0.14
September 30 2022,Snohomish,WA,Passenger,9062,2621,11683,530762,542445,2.15
June 30 2017,Lincoln,WA,Truck,0,0,0,4429,4429,0
October 31 2017,Yakima,WA,Passenger,57,72,129,160996,161125,0.08
August 31 2019,Stevens,WA,Truck,0,0,0,18712,18712,0
July 31 2018,Pend Oreille,WA,Passenger,5,5,10,9580,9590,0.1
September 30 2018,Clark,WA,Truck,0,0,0,79357,79357,0
May 31 2023,Skagit,WA,Passenger,1080,404,1484,89011,90495,1.64
May 31 2021,Grays Harbor,WA,Truck,0,0,0,21426,21426,0
February 28 2023,Island,WA,Passenger,975,412,1387,61279,62666,2.21
January 31 2018,King,WA,Truck,8,1,9,184770,184779,0
August 31 2018,Skagit,WA,Passenger,220,169,389,90829,91218,0.43
February 28 2019,Walla Walla,WA,Passenger,43,54,97,36064,36161,0.27
September 30 2023,Walla Walla,WA,Truck,7,0,7,13648,13655,0.05
February 28 2018,Grant,WA,Truck,0,0,0,25679,25679,0
December 31 2018,Garfield,WA,Passenger,1,1,2,1328,1330,0.15
May 31 2019,Franklin,WA,Truck,0,0,0,19246,19246,0
July 31 2019,Adams,WA,Passenger,5,6,11,12830,12841,0.09
March 31 2019,Whitman,WA,Truck,0,0,0,8505,8505,0
April 30 2021,Garfield,WA,Truck,0,0,0,1005,1005,0
December 31 2023,Columbia,WA,Passenger,12,0,12,2391,2403,0.5
September 30 2021,Grays Harbor,WA,Truck,0,0,0,21396,21396,0
August 31 2017,King,WA,Truck,7,1,8,186744,186752,0
November 30 2019,Grant,WA,Passenger,53,65,118,65487,65605,0.18
November 30 2019,Island,WA,Truck,1,0,1,21308,21309,0
August 31 2018,Grays Harbor,WA,Passenger,54,65,119,46986,47105,0.25
October 31 2017,Pend Oreille,WA,Truck,0,0,0,5562,5562,0
May 31 2020,Columbia,WA,Truck,0,0,0,1522,1522,0
September 30 2018,Benton,WA,Truck,0,0,0,41345,41345,0
April 30 2019,Stevens,WA,Passenger,19,27,46,31622,31668,0.15
March 31 2019,Clallam,WA,Passenger,154,129,283,50319,50602,0.56
August 31 2020,Mason,WA,Passenger,162,131,293,47397,47690,0.61
August 31 2019,Skamania,WA,Passenger,25,18,43,8750,8793,0.49
October 31 2020,Clallam,WA,Truck,1,0,1,21761,21762,0
May 31 2021,Kittitas,WA,Passenger,155,62,217,29974,30191,0.72
January 31 2022,Okanogan,WA,Truck,0,0,0,16680,16680,0
January 31 2020,Asotin,WA,Passenger,17,11,28,12721,12749,0.22
August 31 2018,Asotin,WA,Truck,0,0,0,6648,6648,0
January 31 2020,Garfield,WA,Truck,0,0,0,967,967,0
July 31 2023,Skagit,WA,Truck,23,0,23,31835,31858,0.07
March 31 2022,Okanogan,WA,Truck,0,0,0,16682,16682,0
November 30 2020,King,WA,Passenger,26593,8081,34674,1370571,1405245,2.47
September 30 2019,Jefferson,WA,Passenger,207,126,333,25121,25454,1.31
January 31 2023,Wahkiakum,WA,Passenger,25,15,40,3047,3087,1.3
May 31 2017,Garfield,WA,Truck,0,0,0,931,931,0
August 31 2021,Whatcom,WA,Passenger,1520,628,2148,150406,152554,1.41
January 31 2021,Lewis,WA,Truck,0,0,0,26714,26714,0
November 30 2017,Columbia,WA,Passenger,2,1,3,2392,2395,0.13
January 31 2024,Grays Harbor,WA,Truck,16,0,16,20404,20420,0.08
June 30 2020,Stevens,WA,Truck,0,0,0,18642,18642,0
November 30 2018,Grays Harbor,WA,Passenger,61,68,129,47369,47498,0.27
September 30 2017,Pacific,WA,Truck,0,0,0,7513,7513,0
August 31 2018,San Juan,WA,Truck,0,0,0,5752,5752,0
October 31 2018,Cowlitz,WA,Truck,0,0,0,28665,28665,0
March 31 2020,Lincoln,WA,Truck,0,0,0,4657,4657,0
September 30 2022,Klickitat,WA,Passenger,109,53,162,15118,15280,1.06
December 31 2018,Benton,WA,Passenger,226,235,461,132912,133373,0.35
May 31 2019,Whatcom,WA,Truck,2,0,2,42820,42822,0
August 31 2022,Pacific,WA,Truck,0,0,0,7853,7853,0
December 31 2021,Walla Walla,WA,Truck,0,0,0,14088,14088,0
August 31 2017,Okanogan,WA,Passenger,4,18,22,25665,25687,0.09
August 31 2023,Skamania,WA,Passenger,113,56,169,8057,8226,2.05
March 31 2022,Island,WA,Passenger,757,359,1116,62224,63340,1.76
April 30 2022,Stevens,WA,Truck,0,0,0,18976,18976,0
December 31 2021,Lewis,WA,Truck,0,0,0,26668,26668,0
May 31 2019,San Juan,WA,Truck,0,0,0,5847,5847,0
April 30 2023,Lincoln,WA,Truck,0,0,0,4838,4838,0
February 29 2024,Stevens,WA,Passenger,144,69,213,28547,28760,0.74
December 31 2017,Spokane,WA,Truck,1,0,1,91568,91569,0
September 30 2021,Spokane,WA,Truck,0,0,0,102518,102518,0
September 30 2019,Benton,WA,Truck,0,0,0,42232,42232,0
December 31 2017,Chelan,WA,Passenger,86,38,124,53026,53150,0.23
October 31 2018,Lincoln,WA,Truck,0,0,0,4607,4607,0
June 30 2017,Pierce,WA,Passenger,956,842,1798,524863,526661,0.34
May 31 2023,Kitsap,WA,Passenger,3139,1251,4390,175960,180350,2.43
October 31 2023,Snohomish,WA,Truck,216,0,216,120038,120254,0.18
February 28 2022,Clark,WA,Truck,2,0,2,83716,83718,0
May 31 2018,Walla Walla,WA,Truck,0,0,0,13390,13390,0
May 31 2021,Stevens,WA,Truck,0,0,0,18954,18954,0
April 30 2018,Clark,WA,Truck,0,0,0,78728,78728,0
April 30 2022,San Juan,WA,Truck,1,0,1,5984,5985,0.02
January 31 2022,Yakima,WA,Truck,0,0,0,61604,61604,0
February 28 2017,Walla Walla,WA,Truck,0,0,0,13162,13162,0
June 30 2022,Asotin,WA,Passenger,23,19,42,12717,12759,0.33
April 30 2019,Adams,WA,Passenger,5,6,11,12652,12663,0.09
April 30 2022,Walla Walla,WA,Truck,0,0,0,14017,14017,0
October 31 2023,Yakima,WA,Passenger,593,284,877,165670,166547,0.53
July 31 2023,Cowlitz,WA,Passenger,486,225,711,69863,70574,1.01
August 31 2017,Pacific,WA,Passenger,10,9,19,15242,15261,0.12
July 31 2018,Clallam,WA,Truck,0,0,0,21477,21477,0
November 30 2018,Garfield,WA,Truck,0,0,0,963,963,0
December 31 2018,Thurston,WA,Passenger,739,571,1310,195514,196824,0.67
March 31 2019,Okanogan,WA,Passenger,20,21,41,25901,25942,0.16
September 30 2019,Asotin,WA,Truck,0,0,0,6684,6684,0
September 30 2021,Grant,WA,Truck,0,0,0,27999,27999,0
October 31 2021,Pierce,WA,Truck,0,0,0,145135,145135,0
January 31 2020,Pierce,WA,Truck,0,0,0,141306,141306,0
March 31 2018,Grays Harbor,WA,Truck,0,0,0,20074,20074,0
November 30 2022,Pend Oreille,WA,Passenger,19,13,32,8968,9000,0.36
November 30 2018,Okanogan,WA,Truck,0,0,0,16494,16494,0
January 31 2022,Klickitat,WA,Truck,0,0,0,8328,8328,0
October 31 2022,Pierce,WA,Truck,62,0,62,140079,140141,0.04
September 30 2021,Chelan,WA,Passenger,375,104,479,54752,55231,0.87
January 31 2019,Klickitat,WA,Passenger,29,32,61,15484,15545,0.39
May 31 2022,Franklin,WA,Truck,0,0,0,20911,20911,0
September 30 2021,Ferry,WA,Truck,0,0,0,3593,3593,0
June 30 2023,Pierce,WA,Passenger,7611,2792,10403,530467,540870,1.92
March 31 2020,Asotin,WA,Passenger,16,12,28,12594,12622,0.22
October 31 2019,Garfield,WA,Passenger,0,1,1,1300,1301,0.08
May 31 2017,Grant,WA,Passenger,20,25,45,60667,60712,0.07
December 31 2018,Asotin,WA,Truck,0,0,0,6634,6634,0
October 31 2023,Pacific,WA,Truck,5,0,5,7800,7805,0.06
March 31 2017,San Juan,WA,Passenger,88,34,122,13419,13541,0.9
March 31 2019,Ferry,WA,Passenger,3,2,5,4363,4368,0.11
March 31 2020,Whatcom,WA,Passenger,1057,490,1547,151169,152716,1.01
April 30 2023,Whatcom,WA,Passenger,2340,859,3199,147792,150991,2.12
August 31 2020,Adams,WA,Passenger,9,7,16,12863,12879,0.12
November 30 2018,Benton,WA,Truck,0,0,0,41440,41440,0
February 28 2023,Cowlitz,WA,Truck,7,0,7,28338,28345,0.02
April 30 2020,Lewis,WA,Truck,0,0,0,25978,25978,0
April 30 2022,Thurston,WA,Truck,3,0,3,55522,55525,0.01
September 30 2018,Island,WA,Passenger,227,209,436,62845,63281,0.69
June 30 2021,Klickitat,WA,Passenger,70,51,121,15273,15394,0.79
December 31 2019,Walla Walla,WA,Truck,0,0,0,13662,13662,0
January 31 2021,Clallam,WA,Truck,1,0,1,21861,21862,0
January 31 2024,Garfield,WA,Truck,0,0,0,954,954,0
March 31 2021,Pend Oreille,WA,Truck,0,0,0,5722,5722,0
December 31 2018,King,WA,Truck,6,1,7,182628,182635,0
September 30 2019,Walla Walla,WA,Truck,0,0,0,13685,13685,0
June 30 2017,Pacific,WA,Passenger,10,7,17,15140,15157,0.11
January 31 2023,Pend Oreille,WA,Passenger,23,14,37,8934,8971,0.41
April 30 2019,Kittitas,WA,Truck,0,0,0,14300,14300,0
February 28 2018,Cowlitz,WA,Passenger,54,70,124,70939,71063,0.17
May 31 2021,Cowlitz,WA,Truck,0,0,0,29138,29138,0
January 31 2021,Garfield,WA,Passenger,0,2,2,1360,1362,0.15
August 31 2020,Klickitat,WA,Passenger,57,42,99,15040,15139,0.65
September 30 2023,Benton,WA,Truck,30,0,30,43028,43058,0.07
November 30 2021,Pend Oreille,WA,Passenger,18,7,25,9163,9188,0.27
January 31 2018,Pend Oreille,WA,Truck,0,0,0,5617,5617,0
February 28 2019,Klickitat,WA,Truck,0,0,0,8217,8217,0
October 31 2023,Cowlitz,WA,Passenger,545,237,782,69505,70287,1.11
June 30 2020,Whatcom,WA,Passenger,1064,498,1562,149195,150757,1.04
February 28 2017,Pierce,WA,Truck,0,0,0,138534,138534,0
September 30 2020,Douglas,WA,Truck,0,0,0,12374,12374,0
August 31 2022,San Juan,WA,Passenger,529,162,691,13983,14674,4.71
November 30 2020,Stevens,WA,Truck,0,0,0,18666,18666,0
April 30 2017,Douglas,WA,Passenger,31,21,52,26601,26653,0.2
March 31 2020,Cowlitz,WA,Passenger,134,114,248,73160,73408,0.34
September 30 2019,Cowlitz,WA,Truck,0,0,0,28953,28953,0
June 30 2023,Pacific,WA,Truck,4,0,4,7836,7840,0.05
September 30 2020,Pierce,WA,Passenger,2575,1709,4284,553592,557876,0.77
February 29 2020,Ferry,WA,Passenger,5,2,7,4374,4381,0.16
September 30 2021,Clark,WA,Truck,0,0,0,84119,84119,0
January 31 2023,Garfield,WA,Truck,0,0,0,972,972,0
April 30 2021,Columbia,WA,Passenger,5,4,9,2477,2486,0.36
March 31 2019,Benton,WA,Passenger,235,251,486,132974,133460,0.36
September 30 2022,Adams,WA,Passenger,22,10,32,12992,13024,0.25
November 30 2021,Skamania,WA,Truck,0,0,0,3999,3999,0
June 30 2023,Whatcom,WA,Truck,57,0,57,42754,42811,0.13
December 31 2022,Mason,WA,Passenger,369,189,558,46817,47375,1.18
December 31 2019,Mason,WA,Passenger,142,133,275,47625,47900,0.57
July 31 2022,Island,WA,Truck,6,0,6,21299,21305,0.03
April 30 2018,Douglas,WA,Truck,0,0,0,11881,11881,0
October 31 2017,Kitsap,WA,Truck,1,0,1,52589,52590,0
May 31 2019,Lincoln,WA,Truck,0,0,0,4695,4695,0
February 28 2017,Pend Oreille,WA,Passenger,1,4,5,9299,9304,0.05
November 30 2019,Garfield,WA,Passenger,0,1,1,1303,1304,0.08
October 31 2018,Pend Oreille,WA,Passenger,6,5,11,9587,9598,0.11
April 30 2021,Jefferson,WA,Passenger,309,178,487,24889,25376,1.92
March 31 2019,Mason,WA,Truck,0,0,0,20267,20267,0
October 31 2021,Thurston,WA,Truck,0,0,0,56140,56140,0
September 30 2018,Thurston,WA,Truck,0,0,0,54641,54641,0
July 31 2017,Clark,WA,Passenger,795,517,1312,299937,301249,0.44
March 31 2017,Clallam,WA,Truck,0,0,0,21038,21038,0
March 31 2019,Clark,WA,Passenger,1358,882,2240,311919,314159,0.71
November 30 2017,King,WA,Passenger,11127,4613,15740,1371256,1386996,1.13
October 31 2018,Pierce,WA,Passenger,1405,1305,2710,537053,539763,0.5
August 31 2021,Jefferson,WA,Passenger,349,183,532,24843,25375,2.1
December 31 2018,Columbia,WA,Passenger,2,2,4,2422,2426,0.16
October 31 2021,Cowlitz,WA,Passenger,258,154,412,71835,72247,0.57
May 31 2017,Pierce,WA,Passenger,933,823,1756,525120,526876,0.33
October 31 2020,Columbia,WA,Passenger,4,3,7,2438,2445,0.29
August 31 2023,Stevens,WA,Passenger,123,70,193,29588,29781,0.65
December 31 2021,Yakima,WA,Truck,0,0,0,61776,61776,0
August 31 2022,Kitsap,WA,Passenger,2518,1091,3609,177625,181234,1.99
May 31 2019,Benton,WA,Passenger,252,272,524,133611,134135,0.39
September 30 2018,Kittitas,WA,Truck,0,0,0,14108,14108,0
September 30 2022,Okanogan,WA,Truck,1,0,1,16507,16508,0.01
December 31 2019,Pacific,WA,Passenger,30,30,60,16116,16176,0.37
January 31 2017,Franklin,WA,Passenger,27,42,69,55392,55461,0.12
June 30 2022,Yakima,WA,Passenger,336,190,526,166946,167472,0.31
July 31 2018,Kittitas,WA,Passenger,49,32,81,28988,29069,0.28
June 30 2019,Cowlitz,WA,Passenger,98,108,206,73004,73210,0.28
September 30 2018,Garfield,WA,Truck,0,0,0,965,965,0
April 30 2022,Pierce,WA,Passenger,4832,2259,7091,548279,555370,1.28
June 30 2017,Pierce,WA,Truck,0,0,0,137513,137513,0
October 31 2023,Mason,WA,Truck,17,0,17,20476,20493,0.08
July 31 2023,Cowlitz,WA,Truck,10,0,10,28227,28237,0.04
January 31 2022,Grant,WA,Truck,0,0,0,27985,27985,0
January 31 2024,Jefferson,WA,Passenger,667,278,945,23831,24776,3.81
March 31 2021,Grant,WA,Truck,0,0,0,27754,27754,0
May 31 2021,Adams,WA,Passenger,11,9,20,13036,13056,0.15
October 31 2019,Benton,WA,Truck,0,0,0,42372,42372,0
February 28 2022,King,WA,Passenger,37202,10518,47720,1353366,1401086,3.41
September 30 2018,Spokane,WA,Passenger,359,344,703,305095,305798,0.23
January 31 2021,Franklin,WA,Passenger,89,85,174,61483,61657,0.28
October 31 2022,Adams,WA,Truck,1,0,1,5427,5428,0.02
July 31 2023,Clark,WA,Passenger,6054,2385,8439,313483,321922,2.62
June 30 2023,Lincoln,WA,Passenger,17,19,36,7666,7702,0.47
December 31 2019,Snohomish,WA,Passenger,4020,1708,5728,535992,541720,1.06
June 30 2023,Kitsap,WA,Passenger,3237,1292,4529,175850,180379,2.51
June 30 2023,Adams,WA,Passenger,25,12,37,13105,13142,0.28
February 28 2017,Island,WA,Truck,0,0,0,20494,20494,0
April 30 2023,Snohomish,WA,Passenger,11695,2929,14624,528643,543267,2.69
December 31 2020,Lincoln,WA,Passenger,5,12,17,7642,7659,0.22
November 30 2021,Wahkiakum,WA,Truck,0,0,0,1816,1816,0
December 31 2023,Whatcom,WA,Truck,85,0,85,41923,42008,0.2
December 31 2017,Cowlitz,WA,Truck,0,0,0,28149,28149,0
March 31 2023,Garfield,WA,Truck,0,0,0,976,976,0
October 31 2020,Whatcom,WA,Truck,3,0,3,43455,43458,0.01
January 31 2021,Jefferson,WA,Truck,0,0,0,9594,9594,0
September 30 2022,Yakima,WA,Passenger,377,210,587,166414,167001,0.35
November 30 2018,Adams,WA,Passenger,5,5,10,12744,12754,0.08
August 31 2022,Klickitat,WA,Truck,2,0,2,8262,8264,0.02
May 31 2020,Mason,WA,Truck,0,0,0,20501,20501,0
June 30 2021,Cowlitz,WA,Passenger,224,142,366,72329,72695,0.5
October 31 2020,Kitsap,WA,Truck,0,0,0,54213,54213,0
February 28 2019,Lincoln,WA,Truck,0,0,0,4666,4666,0
July 31 2020,Columbia,WA,Passenger,4,3,7,2419,2426,0.29
July 31 2019,Okanogan,WA,Truck,0,0,0,16486,16486,0
October 31 2022,Columbia,WA,Truck,0,0,0,1579,1579,0
May 31 2020,Thurston,WA,Passenger,1136,732,1868,196699,198567,0.94
September 30 2019,Adams,WA,Passenger,5,5,10,12882,12892,0.08
April 30 2019,Adams,WA,Truck,0,0,0,5101,5101,0
September 30 2021,Yakima,WA,Passenger,257,164,421,168903,169324,0.25
April 30 2018,Walla Walla,WA,Truck,0,0,0,13333,13333,0
July 31 2017,Mason,WA,Truck,0,0,0,19254,19254,0
May 31 2020,Lewis,WA,Truck,0,0,0,26001,26001,0
September 30 2020,Columbia,WA,Passenger,4,3,7,2422,2429,0.29
May 31 2017,San Juan,WA,Truck,0,0,0,5539,5539,0
September 30 2019,Klickitat,WA,Passenger,38,36,74,15622,15696,0.47
November 30 2023,Adams,WA,Truck,3,0,3,5273,5276,0.06
May 31 2020,Grant,WA,Passenger,59,70,129,65193,65322,0.2
November 30 2017,Skamania,WA,Passenger,10,7,17,8575,8592,0.2
June 30 2017,Clallam,WA,Truck,0,0,0,21014,21014,0
May 31 2022,Pacific,WA,Passenger,60,68,128,15901,16029,0.8
April 30 2020,Kitsap,WA,Truck,1,0,1,53894,53895,0
August 31 2020,King,WA,Truck,5,1,6,183283,183289,0
February 28 2022,Whatcom,WA,Passenger,1690,685,2375,149240,151615,1.57
March 31 2017,Clark,WA,Truck,0,0,0,77565,77565,0
October 31 2021,Mason,WA,Passenger,246,154,400,47876,48276,0.83
February 29 2020,Douglas,WA,Passenger,69,40,109,28266,28375,0.38
October 31 2017,Pend Oreille,WA,Passenger,3,4,7,9373,9380,0.07
July 31 2020,Walla Walla,WA,Passenger,77,65,142,35895,36037,0.39
October 31 2017,Yakima,WA,Truck,0,0,0,57810,57810,0
November 30 2019,Clallam,WA,Passenger,195,153,348,50908,51256,0.68
September 30 2023,Cowlitz,WA,Passenger,537,234,771,69753,70524,1.09
January 31 2024,Whitman,WA,Truck,9,0,9,8500,8509,0.11
April 30 2020,Pend Oreille,WA,Truck,0,0,0,5737,5737,0
December 31 2018,Snohomish,WA,Truck,1,0,1,121959,121960,0
February 28 2018,Mason,WA,Truck,0,0,0,19721,19721,0
March 31 2022,Okanogan,WA,Passenger,77,46,123,26508,26631,0.46
May 31 2020,Pacific,WA,Truck,0,0,0,7624,7624,0
January 31 2019,Snohomish,WA,Passenger,3074,1488,4562,528203,532765,0.86
August 31 2023,Clark,WA,Passenger,6356,2435,8791,313276,322067,2.73
April 30 2022,Mason,WA,Passenger,293,176,469,47482,47951,0.98
September 30 2022,San Juan,WA,Truck,6,0,6,5951,5957,0.1
August 31 2021,Chelan,WA,Truck,0,0,0,23079,23079,0
September 30 2017,Mason,WA,Truck,0,0,0,19372,19372,0
November 30 2017,Pierce,WA,Passenger,1050,942,1992,525914,527906,0.38
January 31 2023,Walla Walla,WA,Passenger,203,106,309,35730,36039,0.86
July 31 2020,Clark,WA,Truck,0,0,0,82408,82408,0
February 29 2024,Island,WA,Truck,44,0,44,20140,20184,0.22
September 30 2023,Adams,WA,Passenger,27,12,39,13086,13125,0.3
December 31 2018,Island,WA,Truck,0,0,0,21173,21173,0
May 31 2019,Adams,WA,Truck,0,0,0,5124,5124,0
December 31 2019,Spokane,WA,Passenger,642,471,1113,314988,316101,0.35
June 30 2018,Ferry,WA,Truck,0,0,0,3512,3512,0
April 30 2017,Wahkiakum,WA,Truck,0,0,0,1631,1631,0
April 30 2018,Whatcom,WA,Passenger,593,269,862,146590,147452,0.58
April 30 2023,Okanogan,WA,Truck,3,0,3,16471,16474,0.02
August 31 2020,Asotin,WA,Truck,0,0,0,6670,6670,0
July 31 2017,Okanogan,WA,Passenger,4,18,22,25628,25650,0.09
May 31 2019,Kittitas,WA,Passenger,72,35,107,29555,29662,0.36
November 30 2020,Kittitas,WA,Truck,0,0,0,14645,14645,0
September 30 2021,Wahkiakum,WA,Truck,0,0,0,1814,1814,0
August 31 2017,Kittitas,WA,Passenger,28,21,49,27887,27936,0.18
November 30 2023,Skamania,WA,Truck,1,0,1,3769,3770,0.03
May 31 2018,Whatcom,WA,Passenger,612,281,893,147172,148065,0.6
December 31 2022,Cowlitz,WA,Passenger,406,190,596,70243,70839,0.84
April 30 2018,Douglas,WA,Passenger,41,32,73,27441,27514,0.27
July 31 2021,Douglas,WA,Passenger,100,51,151,28502,28653,0.53
September 30 2017,Okanogan,WA,Passenger,5,18,23,25682,25705,0.09
January 31 2018,Grant,WA,Truck,0,0,0,25640,25640,0
April 30 2022,Franklin,WA,Passenger,179,105,284,61958,62242,0.46
April 30 2020,Grant,WA,Truck,0,0,0,26989,26989,0
May 31 2023,Kittitas,WA,Passenger,344,104,448,29417,29865,1.5
October 31 2019,Whitman,WA,Passenger,38,45,83,22708,22791,0.36
February 29 2020,Pacific,WA,Truck,0,0,0,7743,7743,0
April 30 2021,Lincoln,WA,Passenger,5,13,18,7749,7767,0.23
April 30 2017,Clallam,WA,Passenger,80,68,148,48127,48275,0.31
May 31 2021,Pacific,WA,Passenger,43,47,90,16058,16148,0.56
October 31 2018,Klickitat,WA,Truck,0,0,0,8150,8150,0
February 28 2021,Mason,WA,Truck,0,0,0,21043,21043,0
July 31 2022,Thurston,WA,Passenger,2240,1063,3303,193211,196514,1.68
February 28 2018,Clallam,WA,Passenger,109,101,210,49362,49572,0.42
June 30 2021,Whatcom,WA,Truck,4,0,4,43897,43901,0.01
May 31 2017,Cowlitz,WA,Passenger,52,50,102,69531,69633,0.15
November 30 2020,Lincoln,WA,Passenger,5,11,16,7616,7632,0.21
March 31 2020,Kittitas,WA,Passenger,98,49,147,29996,30143,0.49
November 30 2018,Asotin,WA,Truck,0,0,0,6619,6619,0
August 31 2021,Skamania,WA,Passenger,52,38,90,8379,8469,1.06
June 30 2017,Franklin,WA,Truck,0,0,0,18119,18119,0
June 30 2020,San Juan,WA,Passenger,302,93,395,13962,14357,2.75
December 31 2020,Yakima,WA,Passenger,171,128,299,167257,167556,0.18
May 31 2018,Ferry,WA,Passenger,2,3,5,4416,4421,0.11
December 31 2017,Mason,WA,Truck,0,0,0,19588,19588,0
December 31 2020,Okanogan,WA,Truck,0,0,0,16598,16598,0
November 30 2018,Clallam,WA,Passenger,147,121,268,50328,50596,0.53
October 31 2019,Grays Harbor,WA,Truck,0,0,0,20726,20726,0
November 30 2018,Columbia,WA,Truck,0,0,0,1516,1516,0
October 31 2019,Skagit,WA,Truck,1,0,1,32554,32555,0
April 30 2022,Pend Oreille,WA,Truck,0,0,0,5652,5652,0
January 31 2019,Chelan,WA,Passenger,140,64,204,54203,54407,0.37
November 30 2021,Stevens,WA,Passenger,54,43,97,30290,30387,0.32
August 31 2023,Columbia,WA,Passenger,12,1,13,2428,2441,0.53
December 31 2020,Skagit,WA,Passenger,497,238,735,91392,92127,0.8
January 31 2018,Pierce,WA,Passenger,1095,996,2091,527326,529417,0.39
January 31 2019,Asotin,WA,Passenger,12,9,21,12726,12747,0.16
August 31 2020,Lincoln,WA,Passenger,5,11,16,7626,7642,0.21
September 30 2019,Pierce,WA,Passenger,1966,1601,3567,545244,548811,0.65
July 31 2017,Jefferson,WA,Passenger,107,61,168,23895,24063,0.7
February 28 2023,San Juan,WA,Truck,10,0,10,5899,5909,0.17
March 31 2023,Pend Oreille,WA,Truck,0,0,0,5587,5587,0
July 31 2019,Clallam,WA,Truck,1,0,1,21807,21808,0
January 31 2020,Lincoln,WA,Passenger,1,11,12,7788,7800,0.15
August 31 2023,Mason,WA,Passenger,483,214,697,46146,46843,1.49
September 30 2019,Whitman,WA,Passenger,36,45,81,22703,22784,0.36
June 30 2022,Garfield,WA,Passenger,0,3,3,1317,1320,0.23
December 31 2023,Island,WA,Passenger,1292,478,1770,60488,62258,2.84
November 30 2021,Clark,WA,Passenger,3363,1534,4897,320644,325541,1.5
January 31 2022,Island,WA,Passenger,733,344,1077,62449,63526,1.7
January 31 2024,Douglas,WA,Passenger,259,86,345,28381,28726,1.2
March 31 2017,Snohomish,WA,Passenger,1656,848,2504,513348,515852,0.49
December 31 2020,Ferry,WA,Truck,0,0,0,3608,3608,0
November 30 2022,Spokane,WA,Passenger,1892,915,2807,324161,326968,0.86
August 31 2022,Pierce,WA,Passenger,5425,2395,7820,542170,549990,1.42
July 31 2020,Grant,WA,Truck,0,0,0,27170,27170,0
May 31 2021,Mason,WA,Passenger,207,134,341,48095,48436,0.7
October 31 2019,Walla Walla,WA,Passenger,62,62,124,36320,36444,0.34
February 29 2024,Kittitas,WA,Passenger,469,118,587,28371,28958,2.03
January 31 2021,Ferry,WA,Truck,0,0,0,3607,3607,0
June 30 2020,Skamania,WA,Truck,0,0,0,4009,4009,0
January 31 2020,Snohomish,WA,Passenger,4243,1717,5960,537797,543757,1.1
August 31 2018,San Juan,WA,Passenger,152,66,218,14144,14362,1.52
July 31 2021,Spokane,WA,Truck,0,0,0,102268,102268,0
February 28 2022,Cowlitz,WA,Passenger,280,168,448,71227,71675,0.63
November 30 2019,Whitman,WA,Passenger,41,46,87,22696,22783,0.38
March 31 2020,Garfield,WA,Truck,0,0,0,974,974,0
October 31 2021,Grays Harbor,WA,Truck,0,0,0,21391,21391,0
January 31 2017,Columbia,WA,Passenger,0,1,1,2332,2333,0.04
April 30 2017,Ferry,WA,Passenger,2,1,3,4399,4402,0.07
November 30 2018,Grant,WA,Truck,0,0,0,26156,26156,0
November 30 2021,Pacific,WA,Passenger,51,64,115,16062,16177,0.71
December 31 2023,Spokane,WA,Truck,62,0,62,100333,100395,0.06
April 30 2018,Spokane,WA,Passenger,318,288,606,301875,302481,0.2
February 29 2024,Whitman,WA,Truck,10,0,10,8380,8390,0.12
August 31 2017,Chelan,WA,Passenger,72,36,108,52310,52418,0.21
June 30 2020,King,WA,Passenger,24105,7710,31815,1370526,1402341,2.27
March 31 2019,Snohomish,WA,Passenger,3194,1519,4713,527898,532611,0.88
November 30 2021,Columbia,WA,Passenger,6,2,8,2457,2465,0.32
September 30 2022,Pacific,WA,Truck,0,0,0,7860,7860,0
May 31 2017,Jefferson,WA,Truck,0,0,0,9438,9438,0
August 31 2021,Douglas,WA,Passenger,103,51,154,28571,28725,0.54
February 28 2019,Skamania,WA,Passenger,20,15,35,8711,8746,0.4
September 30 2022,Clark,WA,Truck,19,0,19,82247,82266,0.02
July 31 2022,Asotin,WA,Truck,0,0,0,6682,6682,0
March 31 2020,Franklin,WA,Passenger,58,77,135,61003,61138,0.22
May 31 2020,Lincoln,WA,Truck,0,0,0,4616,4616,0
April 30 2023,King,WA,Truck,635,2,637,176193,176830,0.36
January 31 2019,Lewis,WA,Passenger,95,84,179,58363,58542,0.31
July 31 2022,Benton,WA,Passenger,778,462,1240,135220,136460,0.91
June 30 2020,Lincoln,WA,Passenger,5,12,17,7625,7642,0.22
April 30 2019,Jefferson,WA,Passenger,187,118,305,24898,25203,1.21
February 28 2018,Garfield,WA,Passenger,1,0,1,1323,1324,0.08
September 30 2022,King,WA,Passenger,43468,11776,55244,1342562,1397806,3.95
September 30 2017,Spokane,WA,Truck,1,0,1,91162,91163,0
June 30 2019,Adams,WA,Passenger,5,6,11,12752,12763,0.09
March 31 2018,Wahkiakum,WA,Passenger,1,2,3,2872,2875,0.1
April 30 2020,Yakima,WA,Truck,0,0,0,59508,59508,0
March 31 2023,Island,WA,Truck,24,0,24,21051,21075,0.11
November 30 2019,Walla Walla,WA,Passenger,64,61,125,36274,36399,0.34
January 31 2019,Adams,WA,Truck,0,0,0,5140,5140,0
February 28 2023,Lincoln,WA,Truck,0,0,0,4840,4840,0
September 30 2022,Cowlitz,WA,Truck,3,0,3,28445,28448,0.01
April 30 2020,Skagit,WA,Passenger,397,215,612,91463,92075,0.66
December 31 2019,Benton,WA,Passenger,314,308,622,135214,135836,0.46
July 31 2020,Mason,WA,Passenger,160,132,292,47360,47652,0.61
February 28 2021,Wahkiakum,WA,Passenger,8,6,14,3044,3058,0.46
November 30 2022,Spokane,WA,Truck,18,0,18,101799,101817,0.02
October 31 2018,Kitsap,WA,Truck,1,0,1,53613,53614,0
July 31 2018,Lewis,WA,Truck,0,0,0,25584,25584,0
May 31 2017,Grays Harbor,WA,Passenger,31,30,61,44510,44571,0.14
August 31 2023,Kittitas,WA,Truck,10,0,10,14597,14607,0.07
January 31 2017,Skamania,WA,Truck,0,0,0,3908,3908,0
December 31 2021,Lincoln,WA,Truck,0,0,0,4821,4821,0
December 31 2018,Pacific,WA,Passenger,21,25,46,15827,15873,0.29
September 30 2019,Wahkiakum,WA,Passenger,2,3,5,3050,3055,0.16
August 31 2023,Garfield,WA,Passenger,0,3,3,1303,1306,0.23
February 28 2018,Skagit,WA,Truck,1,0,1,31811,31812,0
July 31 2019,Pend Oreille,WA,Truck,0,0,0,5728,5728,0
February 28 2023,Ferry,WA,Truck,0,0,0,3572,3572,0
January 31 2017,Kitsap,WA,Passenger,556,262,818,172388,173206,0.47
December 31 2023,Skagit,WA,Passenger,1333,478,1811,87789,89600,2.02
March 31 2021,Pacific,WA,Passenger,39,40,79,15908,15987,0.49
October 31 2021,Chelan,WA,Truck,0,0,0,23068,23068,0
July 31 2023,King,WA,Passenger,59550,14949,74499,1323282,1397781,5.33
April 30 2017,Whitman,WA,Passenger,9,19,28,21960,21988,0.13
December 31 2018,Grays Harbor,WA,Passenger,62,72,134,47461,47595,0.28
November 30 2021,Benton,WA,Truck,0,0,0,43644,43644,0
August 31 2017,Franklin,WA,Truck,0,0,0,18230,18230,0
October 31 2019,Clark,WA,Passenger,1782,1017,2799,316901,319700,0.88
October 31 2017,Wahkiakum,WA,Truck,0,0,0,1672,1672,0
June 30 2021,Whatcom,WA,Passenger,1419,602,2021,150766,152787,1.32
November 30 2023,Stevens,WA,Passenger,136,75,211,29297,29508,0.72
July 31 2022,Pend Oreille,WA,Passenger,18,12,30,9029,9059,0.33
January 31 2022,Whatcom,WA,Passenger,1665,673,2338,149419,151757,1.54
February 28 2021,Island,WA,Passenger,546,296,842,62783,63625,1.32
November 30 2017,Klickitat,WA,Truck,0,0,0,7994,7994,0
October 31 2021,Walla Walla,WA,Passenger,132,81,213,36350,36563,0.58
February 28 2018,Asotin,WA,Passenger,8,5,13,12584,12597,0.1
June 30 2019,Pacific,WA,Truck,0,0,0,7651,7651,0
August 31 2020,Skagit,WA,Truck,1,0,1,32627,32628,0
August 31 2022,Grays Harbor,WA,Truck,2,0,2,21198,21200,0.01
December 31 2019,Thurston,WA,Truck,0,0,0,55723,55723,0
March 31 2022,Klickitat,WA,Truck,0,0,0,8304,8304,0
March 31 2018,Lincoln,WA,Passenger,2,5,7,7577,7584,0.09
September 30 2017,Douglas,WA,Passenger,35,29,64,26929,26993,0.24
February 28 2022,Stevens,WA,Passenger,58,47,105,30074,30179,0.35
February 29 2024,Grays Harbor,WA,Truck,18,0,18,20042,20060,0.09
March 31 2019,Lincoln,WA,Passenger,3,6,9,7733,7742,0.12
August 31 2021,Clark,WA,Truck,0,0,0,84143,84143,0
January 31 2021,Pierce,WA,Truck,0,0,0,144823,144823,0
May 31 2017,Snohomish,WA,Truck,1,0,1,121864,121865,0
May 31 2022,Snohomish,WA,Truck,6,0,6,124070,124076,0
September 30 2020,Cowlitz,WA,Truck,0,0,0,28932,28932,0
September 30 2017,King,WA,Passenger,10650,4348,14998,1372309,1387307,1.08
August 31 2020,Clark,WA,Passenger,2135,1076,3211,318144,321355,1
October 31 2023,Columbia,WA,Passenger,12,0,12,2418,2430,0.49
October 31 2018,Mason,WA,Passenger,101,106,207,46344,46551,0.44
September 30 2020,Asotin,WA,Truck,0,0,0,6696,6696,0
January 31 2024,San Juan,WA,Truck,30,0,30,5784,5814,0.52
November 30 2017,Kittitas,WA,Passenger,35,24,59,28268,28327,0.21
August 31 2023,Grays Harbor,WA,Truck,9,0,9,20892,20901,0.04
May 31 2023,Thurston,WA,Passenger,3035,1212,4247,190367,194614,2.18
January 31 2024,Kittitas,WA,Passenger,474,117,591,28811,29402,2.01
July 31 2022,Douglas,WA,Truck,1,0,1,12744,12745,0.01
May 31 2019,Spokane,WA,Passenger,528,422,950,310870,311820,0.3
July 31 2018,San Juan,WA,Truck,0,0,0,5727,5727,0
May 31 2021,Clark,WA,Passenger,2757,1367,4124,321810,325934,1.27
March 31 2017,Lincoln,WA,Passenger,2,4,6,7506,7512,0.08
November 30 2020,Thurston,WA,Truck,0,0,0,56269,56269,0
November 30 2021,Clallam,WA,Truck,1,0,1,22101,22102,0
November 30 2021,Mason,WA,Truck,0,0,0,21234,21234,0
September 30 2018,Skagit,WA,Truck,1,0,1,32261,32262,0
June 30 2019,Kittitas,WA,Passenger,81,38,119,29609,29728,0.4
August 31 2019,Wahkiakum,WA,Passenger,2,2,4,3027,3031,0.13
January 31 2019,Whitman,WA,Truck,0,0,0,8516,8516,0
March 31 2023,Stevens,WA,Truck,2,0,2,18751,18753,0.01
August 31 2019,Asotin,WA,Truck,0,0,0,6686,6686,0
March 31 2021,Thurston,WA,Passenger,1432,823,2255,197263,199518,1.13
December 31 2020,Franklin,WA,Passenger,85,83,168,61351,61519,0.27
July 31 2020,King,WA,Truck,7,1,8,182921,182929,0
July 31 2018,Island,WA,Truck,0,0,0,20979,20979,0
December 31 2018,Pacific,WA,Truck,0,0,0,7610,7610,0
November 30 2020,Kitsap,WA,Passenger,1520,736,2256,179688,181944,1.24
April 30 2018,Mason,WA,Truck,0,0,0,19802,19802,0
May 31 2020,Pend Oreille,WA,Passenger,7,6,13,9216,9229,0.14
July 31 2023,Chelan,WA,Passenger,646,168,814,54193,55007,1.48
November 30 2017,San Juan,WA,Truck,0,0,0,5571,5571,0
October 31 2017,Garfield,WA,Passenger,1,0,1,1315,1316,0.08
August 31 2019,Douglas,WA,Passenger,61,36,97,28175,28272,0.34
July 31 2020,Pend Oreille,WA,Passenger,7,5,12,9243,9255,0.13
February 28 2019,Skamania,WA,Truck,0,0,0,3989,3989,0
November 30 2021,Cowlitz,WA,Truck,0,1,1,29014,29015,0
April 30 2017,Lincoln,WA,Passenger,2,4,6,7481,7487,0.08
December 31 2023,San Juan,WA,Truck,24,0,24,5827,5851,0.41
April 30 2019,Pacific,WA,Passenger,23,28,51,15917,15968,0.32
November 30 2017,Yakima,WA,Passenger,57,73,130,161613,161743,0.08
April 30 2020,Pend Oreille,WA,Passenger,8,6,14,9257,9271,0.15
March 31 2022,Pacific,WA,Truck,0,0,0,8004,8004,0
October 31 2018,Skagit,WA,Truck,1,0,1,32334,32335,0
September 30 2020,Kittitas,WA,Truck,0,0,0,14600,14600,0
August 31 2018,Adams,WA,Truck,0,0,0,5173,5173,0
March 31 2023,Clallam,WA,Truck,17,0,17,21761,21778,0.08
November 30 2021,Klickitat,WA,Truck,0,0,0,8327,8327,0
July 31 2023,Okanogan,WA,Truck,7,0,7,16417,16424,0.04
September 30 2018,Jefferson,WA,Truck,0,0,0,9637,9637,0
August 31 2017,King,WA,Passenger,10437,4265,14702,1372154,1386856,1.06
January 31 2022,Grays Harbor,WA,Truck,0,0,0,21340,21340,0
February 28 2017,Spokane,WA,Truck,1,0,1,90231,90232,0
April 30 2017,Kitsap,WA,Passenger,584,298,882,172659,173541,0.51
July 31 2017,Pierce,WA,Passenger,986,856,1842,524495,526337,0.35
September 30 2018,Cowlitz,WA,Passenger,63,85,148,72022,72170,0.21
January 31 2019,San Juan,WA,Truck,0,0,0,5800,5800,0
October 31 2017,Snohomish,WA,Truck,1,0,1,121463,121464,0
February 28 2022,Skagit,WA,Passenger,715,316,1031,90608,91639,1.13
September 30 2022,Benton,WA,Passenger,832,481,1313,135487,136800,0.96
July 31 2018,Columbia,WA,Truck,0,0,0,1530,1530,0
July 31 2023,King,WA,Truck,782,2,784,174860,175644,0.45
March 31 2022,Ferry,WA,Truck,0,0,0,3570,3570,0
November 30 2021,Yakima,WA,Truck,0,0,0,61706,61706,0
February 28 2018,San Juan,WA,Passenger,140,48,188,13916,14104,1.33
October 31 2021,Skagit,WA,Truck,1,0,1,32818,32819,0
September 30 2022,Pierce,WA,Truck,46,0,46,140336,140382,0.03
April 30 2021,Mason,WA,Truck,0,0,0,21277,21277,0
October 31 2019,Walla Walla,WA,Truck,0,0,0,13669,13669,0
August 31 2023,Okanogan,WA,Passenger,137,67,204,26116,26320,0.78
April 30 2021,Skamania,WA,Truck,0,0,0,4019,4019,0
December 31 2023,Klickitat,WA,Truck,15,0,15,8124,8139,0.18
January 31 2018,Whitman,WA,Truck,0,0,0,8475,8475,0
March 31 2018,Pierce,WA,Truck,0,0,0,137079,137079,0
October 31 2021,Kitsap,WA,Passenger,2039,914,2953,180445,183398,1.61
September 30 2017,Kittitas,WA,Passenger,34,21,55,27985,28040,0.2
May 31 2018,Garfield,WA,Truck,0,0,0,955,955,0
June 30 2019,Thurston,WA,Truck,0,0,0,55122,55122,0
May 31 2022,Jefferson,WA,Truck,0,0,0,9489,9489,0
January 31 2019,Spokane,WA,Truck,1,0,1,93925,93926,0
May 31 2022,Snohomish,WA,Passenger,8135,2472,10607,532692,543299,1.95
April 30 2019,Snohomish,WA,Passenger,3291,1539,4830,529070,533900,0.9
September 30 2022,Pend Oreille,WA,Passenger,18,12,30,9009,9039,0.33
May 31 2019,Spokane,WA,Truck,1,0,1,94592,94593,0
September 30 2019,Okanogan,WA,Truck,0,0,0,16493,16493,0
September 30 2023,Skamania,WA,Truck,1,0,1,3792,3793,0.03
April 30 2023,Grays Harbor,WA,Truck,4,0,4,20981,20985,0.02
December 31 2021,Whatcom,WA,Truck,4,0,4,43669,43673,0.01
December 31 2020,Snohomish,WA,Truck,0,0,0,125681,125681,0
February 28 2018,Whitman,WA,Truck,0,0,0,8457,8457,0
September 30 2020,Lewis,WA,Truck,0,0,0,26447,26447,0
October 31 2019,Benton,WA,Passenger,306,302,608,134915,135523,0.45
September 30 2020,Walla Walla,WA,Passenger,86,62,148,35934,36082,0.41
June 30 2019,Chelan,WA,Passenger,157,68,225,54350,54575,0.41
April 30 2019,Pend Oreille,WA,Passenger,4,5,9,9502,9511,0.09
June 30 2022,Lincoln,WA,Truck,0,0,0,4832,4832,0
November 30 2023,Skamania,WA,Passenger,134,52,186,7946,8132,2.29
October 31 2021,Yakima,WA,Passenger,270,165,435,168774,169209,0.26
December 31 2018,Cowlitz,WA,Truck,0,0,0,28736,28736,0
April 30 2021,Asotin,WA,Truck,0,0,0,6766,6766,0
June 30 2018,Franklin,WA,Truck,0,0,0,18661,18661,0
October 31 2021,Grays Harbor,WA,Passenger,187,151,338,49465,49803,0.68
June 30 2020,Lewis,WA,Truck,0,0,0,26210,26210,0
September 30 2023,Lincoln,WA,Passenger,21,22,43,7590,7633,0.56
March 31 2023,Kitsap,WA,Truck,57,0,57,52626,52683,0.11
April 30 2019,Pacific,WA,Truck,0,0,0,7656,7656,0
May 31 2019,Walla Walla,WA,Truck,0,0,0,13611,13611,0
February 28 2021,Columbia,WA,Truck,0,0,0,1542,1542,0
August 31 2020,Whatcom,WA,Passenger,1111,512,1623,149148,150771,1.08
October 31 2023,Walla Walla,WA,Truck,7,0,7,13656,13663,0.05
September 30 2022,Grant,WA,Passenger,201,108,309,66694,67003,0.46
August 31 2020,Columbia,WA,Truck,0,0,0,1525,1525,0
April 30 2019,Chelan,WA,Passenger,147,66,213,54292,54505,0.39
April 30 2019,Pend Oreille,WA,Truck,0,0,0,5753,5753,0
December 31 2021,Lewis,WA,Passenger,205,166,371,59589,59960,0.62
December 31 2020,Clark,WA,Passenger,2356,1180,3536,319401,322937,1.09
July 31 2022,Walla Walla,WA,Passenger,175,98,273,35811,36084,0.76
January 31 2024,Yakima,WA,Truck,17,0,17,59408,59425,0.03
December 31 2021,Clark,WA,Truck,1,0,1,83955,83956,0
March 31 2023,Island,WA,Passenger,985,421,1406,61280,62686,2.24
December 31 2017,Garfield,WA,Truck,0,0,0,942,942,0
July 31 2020,Snohomish,WA,Passenger,4581,1774,6355,535502,541857,1.17
November 30 2022,Grays Harbor,WA,Passenger,242,161,403,48619,49022,0.82
March 31 2018,Okanogan,WA,Passenger,7,19,26,25720,25746,0.1
November 30 2022,Okanogan,WA,Passenger,100,51,151,26227,26378,0.57
January 31 2021,Jefferson,WA,Passenger,290,166,456,24792,25248,1.81
July 31 2020,Pend Oreille,WA,Truck,0,0,0,5760,5760,0
March 31 2023,Snohomish,WA,Truck,133,0,133,122048,122181,0.11
January 31 2023,San Juan,WA,Truck,9,0,9,5911,5920,0.15
July 31 2022,Spokane,WA,Truck,8,0,8,101940,101948,0.01
September 30 2018,Wahkiakum,WA,Passenger,1,1,2,2978,2980,0.07
November 30 2023,Whitman,WA,Truck,6,0,6,8609,8615,0.07
September 30 2021,Skagit,WA,Truck,1,0,1,32914,32915,0
November 30 2020,Pierce,WA,Passenger,2759,1755,4514,554607,559121,0.81
May 31 2023,Pend Oreille,WA,Passenger,30,11,41,8894,8935,0.46
July 31 2022,Whatcom,WA,Truck,11,0,11,43191,43202,0.03
March 31 2022,Garfield,WA,Truck,0,0,0,998,998,0
July 31 2023,Snohomish,WA,Truck,187,0,187,121240,121427,0.15
February 28 2018,Lincoln,WA,Passenger,2,5,7,7593,7600,0.09
September 30 2017,Pacific,WA,Passenger,12,9,21,15257,15278,0.14
August 31 2018,Franklin,WA,Passenger,36,65,101,58364,58465,0.17
June 30 2019,Island,WA,Truck,0,0,0,21253,21253,0
August 31 2017,Lewis,WA,Truck,0,0,0,25017,25017,0
March 31 2022,Thurston,WA,Truck,3,0,3,55674,55677,0.01
May 31 2023,Snohomish,WA,Passenger,12186,2990,15176,528306,543482,2.79
September 30 2017,Skagit,WA,Passenger,148,120,268,88642,88910,0.3
September 30 2021,Kitsap,WA,Truck,0,0,0,54280,54280,0
November 30 2020,Clallam,WA,Passenger,262,176,438,49868,50306,0.87
October 31 2021,Island,WA,Truck,0,0,0,21535,21535,0
February 28 2022,Snohomish,WA,Truck,3,0,3,125102,125105,0
December 31 2023,Yakima,WA,Truck,15,0,15,60018,60033,0.02
August 31 2023,King,WA,Truck,831,2,833,174382,175215,0.48
February 29 2024,Benton,WA,Truck,37,0,37,41321,41358,0.09
August 31 2018,Clark,WA,Truck,0,0,0,79293,79293,0
July 31 2018,Wahkiakum,WA,Truck,0,0,0,1681,1681,0
November 30 2020,Spokane,WA,Passenger,858,542,1400,320141,321541,0.44
May 31 2023,Stevens,WA,Passenger,110,64,174,29746,29920,0.58
October 31 2017,King,WA,Passenger,10938,4481,15419,1371931,1387350,1.11
August 31 2018,Island,WA,Passenger,216,205,421,62702,63123,0.67
January 31 2017,Spokane,WA,Passenger,221,196,417,295996,296413,0.14
February 29 2020,San Juan,WA,Passenger,279,82,361,14324,14685,2.46
November 30 2019,Grant,WA,Truck,0,0,0,26948,26948,0
December 31 2020,Whitman,WA,Truck,0,0,0,8511,8511,0
May 31 2018,Walla Walla,WA,Passenger,34,42,76,35569,35645,0.21
November 30 2017,Yakima,WA,Truck,0,0,0,57914,57914,0
March 31 2021,Skamania,WA,Truck,0,0,0,4024,4024,0
November 30 2021,Columbia,WA,Truck,0,0,0,1552,1552,0
October 31 2021,Klickitat,WA,Truck,0,0,0,8308,8308,0
November 30 2018,Douglas,WA,Passenger,49,33,82,27964,28046,0.29
October 31 2018,Jefferson,WA,Truck,0,0,0,9605,9605,0
January 31 2024,Pacific,WA,Truck,6,0,6,7722,7728,0.08
February 28 2023,Klickitat,WA,Passenger,127,57,184,15137,15321,1.2
June 30 2020,Benton,WA,Passenger,358,321,679,134198,134877,0.5
October 31 2018,Chelan,WA,Passenger,126,59,185,53927,54112,0.34
March 31 2020,Jefferson,WA,Passenger,234,141,375,25068,25443,1.47
September 30 2022,Wahkiakum,WA,Passenger,24,12,36,3077,3113,1.16
March 31 2021,Okanogan,WA,Truck,0,0,0,16663,16663,0
September 30 2021,Clallam,WA,Passenger,359,229,588,50548,51136,1.15
May 31 2020,Walla Walla,WA,Passenger,70,62,132,35810,35942,0.37
June 30 2017,Spokane,WA,Truck,1,0,1,90618,90619,0
January 31 2019,Douglas,WA,Truck,0,0,0,12170,12170,0
February 29 2020,Chelan,WA,Passenger,216,78,294,54599,54893,0.54
February 28 2019,Wahkiakum,WA,Passenger,1,1,2,3018,3020,0.07
June 30 2018,Douglas,WA,Truck,0,0,0,11946,11946,0
May 31 2021,Okanogan,WA,Passenger,61,37,98,26400,26498,0.37
September 30 2020,Chelan,WA,Passenger,260,80,340,54299,54639,0.62
December 31 2021,Kitsap,WA,Truck,0,0,0,54139,54139,0
July 31 2019,Grant,WA,Passenger,43,61,104,65009,65113,0.16
May 31 2021,Island,WA,Truck,0,0,0,21580,21580,0
September 30 2020,Franklin,WA,Truck,0,0,0,20284,20284,0
June 30 2020,Douglas,WA,Truck,0,0,0,12303,12303,0
May 31 2022,Walla Walla,WA,Passenger,171,96,267,35957,36224,0.74
September 30 2022,Skamania,WA,Truck,0,0,0,3905,3905,0
February 29 2024,San Juan,WA,Passenger,686,205,891,13203,14094,6.32
January 31 2017,Clark,WA,Passenger,673,426,1099,297800,298899,0.37
July 31 2017,Jefferson,WA,Truck,0,0,0,9412,9412,0
December 31 2019,Garfield,WA,Passenger,0,1,1,1305,1306,0.08
August 31 2022,Asotin,WA,Truck,0,0,0,6684,6684,0
June 30 2017,Pacific,WA,Truck,0,0,0,7469,7469,0
December 31 2018,Grant,WA,Passenger,32,52,84,64191,64275,0.13
June 30 2021,Franklin,WA,Passenger,123,97,220,61992,62212,0.35
February 29 2024,Kittitas,WA,Truck,23,0,23,14043,14066,0.16
April 30 2019,Skamania,WA,Passenger,21,16,37,8709,8746,0.42
January 31 2020,Skagit,WA,Truck,1,0,1,32587,32588,0
December 31 2022,Kittitas,WA,Passenger,300,93,393,29528,29921,1.31
May 31 2020,Adams,WA,Truck,0,0,0,5215,5215,0
November 30 2020,Lincoln,WA,Truck,0,0,0,4659,4659,0
June 30 2022,Skamania,WA,Passenger,73,47,120,8197,8317,1.44
December 31 2020,Jefferson,WA,Passenger,285,155,440,24804,25244,1.74
October 31 2022,Douglas,WA,Passenger,158,59,217,28416,28633,0.76
January 31 2017,Lewis,WA,Truck,0,0,0,24796,24796,0
October 31 2020,Lewis,WA,Truck,0,0,0,26497,26497,0
June 30 2022,Wahkiakum,WA,Passenger,23,11,34,3070,3104,1.1
June 30 2019,Wahkiakum,WA,Passenger,2,2,4,3008,3012,0.13
November 30 2018,Spokane,WA,Truck,1,0,1,93650,93651,0
January 31 2022,Mason,WA,Truck,0,0,0,21163,21163,0
April 30 2022,Thurston,WA,Passenger,2072,1014,3086,194659,197745,1.56
November 30 2023,Mason,WA,Truck,17,0,17,20310,20327,0.08
November 30 2017,Chelan,WA,Truck,0,0,0,21519,21519,0
February 28 2017,Grays Harbor,WA,Passenger,27,24,51,44246,44297,0.12
July 31 2023,Douglas,WA,Passenger,212,64,276,28766,29042,0.95
October 31 2019,Jefferson,WA,Truck,0,0,0,9669,9669,0
March 31 2018,Skamania,WA,Truck,0,0,0,3926,3926,0
March 31 2017,Adams,WA,Passenger,2,4,6,12106,12112,0.05
March 31 2021,Mason,WA,Passenger,185,135,320,47874,48194,0.66
April 30 2017,Skamania,WA,Passenger,9,8,17,8519,8536,0.2
June 30 2017,Skagit,WA,Truck,1,0,1,31456,31457,0
February 28 2021,Asotin,WA,Truck,0,0,0,6694,6694,0
January 31 2018,Island,WA,Truck,0,0,0,20779,20779,0
August 31 2017,Clallam,WA,Passenger,96,79,175,48549,48724,0.36
June 30 2019,Pierce,WA,Passenger,1808,1555,3363,542899,546262,0.62
June 30 2022,San Juan,WA,Truck,1,0,1,5983,5984,0.02
July 31 2020,Whatcom,WA,Truck,3,0,3,43153,43156,0.01
December 31 2022,King,WA,Passenger,48140,12236,60376,1335545,1395921,4.33
May 31 2020,Skagit,WA,Passenger,400,216,616,91151,91767,0.67
August 31 2017,Skagit,WA,Truck,1,0,1,31511,31512,0
January 31 2017,Spokane,WA,Truck,1,0,1,90420,90421,0
April 30 2022,Clallam,WA,Truck,1,0,1,21981,21982,0
September 30 2019,San Juan,WA,Passenger,229,73,302,14425,14727,2.05
January 31 2020,Klickitat,WA,Passenger,48,39,87,15681,15768,0.55
June 30 2022,Wahkiakum,WA,Truck,0,0,0,1802,1802,0
August 31 2017,Douglas,WA,Passenger,35,27,62,26837,26899,0.23
August 31 2023,Lewis,WA,Truck,8,0,8,25864,25872,0.03
February 28 2019,Whatcom,WA,Truck,2,0,2,42705,42707,0
April 30 2021,Kitsap,WA,Passenger,1732,812,2544,180425,182969,1.39
June 30 2023,Whatcom,WA,Passenger,2492,880,3372,147933,151305,2.23
August 31 2020,Jefferson,WA,Passenger,249,144,393,24646,25039,1.57
August 31 2022,Yakima,WA,Passenger,364,204,568,166425,166993,0.34
April 30 2023,Franklin,WA,Truck,4,0,4,20878,20882,0.02
March 31 2021,Okanogan,WA,Passenger,57,35,92,26213,26305,0.35
May 31 2022,Klickitat,WA,Passenger,99,54,153,15231,15384,0.99
February 29 2024,Pacific,WA,Truck,6,0,6,7588,7594,0.08
September 30 2017,Asotin,WA,Truck,0,0,0,6506,6506,0
May 31 2017,Clallam,WA,Truck,0,0,0,20957,20957,0
March 31 2021,Garfield,WA,Passenger,0,2,2,1363,1365,0.15
November 30 2020,Klickitat,WA,Truck,0,0,0,8083,8083,0
March 31 2020,Snohomish,WA,Truck,0,0,0,123708,123708,0
April 30 2018,Grant,WA,Passenger,31,42,73,62796,62869,0.12
July 31 2019,Grant,WA,Truck,0,0,0,26698,26698,0
May 31 2019,Clallam,WA,Passenger,167,137,304,50566,50870,0.6
April 30 2018,Clallam,WA,Truck,0,0,0,21360,21360,0
September 30 2017,Chelan,WA,Passenger,75,37,112,52503,52615,0.21
July 31 2020,Wahkiakum,WA,Passenger,6,6,12,3001,3013,0.4
March 31 2022,Kitsap,WA,Passenger,2271,1004,3275,179018,182293,1.8
September 30 2019,Garfield,WA,Passenger,0,1,1,1310,1311,0.08
July 31 2022,San Juan,WA,Truck,4,0,4,5944,5948,0.07
December 31 2023,Lewis,WA,Truck,10,0,10,25412,25422,0.04
March 31 2023,Cowlitz,WA,Truck,7,0,7,28287,28294,0.02
April 30 2019,Spokane,WA,Passenger,511,407,918,309524,310442,0.3
July 31 2018,Pacific,WA,Passenger,19,21,40,15615,15655,0.26
July 31 2018,Mason,WA,Truck,0,0,0,20045,20045,0
January 31 2021,Clark,WA,Passenger,2459,1211,3670,319291,322961,1.14
March 31 2020,Adams,WA,Truck,0,0,0,5217,5217,0
September 30 2020,Douglas,WA,Passenger,79,45,124,28037,28161,0.44
May 31 2017,Columbia,WA,Passenger,0,1,1,2360,2361,0.04
May 31 2023,Franklin,WA,Truck,4,0,4,20883,20887,0.02
November 30 2021,Ferry,WA,Truck,0,0,0,3601,3601,0
November 30 2017,Clallam,WA,Passenger,98,86,184,48868,49052,0.38
July 31 2020,Lewis,WA,Passenger,107,117,224,58128,58352,0.38
November 30 2017,Stevens,WA,Truck,0,0,0,18330,18330,0
June 30 2017,Clark,WA,Passenger,787,504,1291,299532,300823,0.43
November 30 2023,Skagit,WA,Passenger,1301,468,1769,88139,89908,1.97
September 30 2018,Okanogan,WA,Passenger,10,20,30,26049,26079,0.12
November 30 2023,Grays Harbor,WA,Passenger,363,224,587,47855,48442,1.21
December 31 2017,Adams,WA,Passenger,4,5,9,12404,12413,0.07
June 30 2023,Columbia,WA,Truck,0,0,0,1553,1553,0
May 31 2021,Whitman,WA,Passenger,60,44,104,21996,22100,0.47
July 31 2019,Cowlitz,WA,Truck,0,0,0,28865,28865,0
May 31 2022,Douglas,WA,Truck,0,0,0,12764,12764,0
July 31 2021,Spokane,WA,Passenger,1118,654,1772,325864,327636,0.54
October 31 2023,Wahkiakum,WA,Passenger,27,20,47,3050,3097,1.52
March 31 2020,Grays Harbor,WA,Passenger,107,109,216,48314,48530,0.45
September 30 2020,Stevens,WA,Passenger,35,38,73,30402,30475,0.24
February 28 2022,Okanogan,WA,Passenger,74,47,121,26461,26582,0.46
December 31 2019,Douglas,WA,Truck,0,0,0,12303,12303,0
April 30 2022,Chelan,WA,Passenger,447,124,571,54490,55061,1.04
March 31 2023,King,WA,Truck,567,2,569,176670,177239,0.32
September 30 2022,Jefferson,WA,Truck,3,0,3,9377,9380,0.03
February 28 2023,Grays Harbor,WA,Truck,2,0,2,21043,21045,0.01
June 30 2022,Thurston,WA,Truck,7,0,7,55427,55434,0.01
March 31 2017,Mason,WA,Passenger,50,63,113,42923,43036,0.26
April 30 2020,Whatcom,WA,Truck,3,0,3,42829,42832,0.01
September 30 2019,San Juan,WA,Truck,0,0,0,5913,5913,0
March 31 2019,Skagit,WA,Passenger,281,189,470,91321,91791,0.51
September 30 2022,Ferry,WA,Passenger,22,4,26,4397,4423,0.59
July 31 2021,Pend Oreille,WA,Passenger,15,7,22,9261,9283,0.24
October 31 2017,Grant,WA,Truck,0,0,0,25457,25457,0
November 30 2021,Douglas,WA,Truck,0,0,0,12688,12688,0
January 31 2017,Wahkiakum,WA,Passenger,0,1,1,2861,2862,0.03
March 31 2018,Whitman,WA,Truck,0,0,0,8457,8457,0
October 31 2022,Yakima,WA,Truck,5,0,5,61225,61230,0.01
February 28 2017,Wahkiakum,WA,Passenger,0,1,1,2843,2844,0.04
October 31 2019,King,WA,Truck,6,1,7,182364,182371,0
July 31 2021,Klickitat,WA,Truck,0,0,0,8308,8308,0
March 31 2023,Cowlitz,WA,Passenger,435,196,631,70106,70737,0.89
September 30 2023,Spokane,WA,Truck,48,0,48,101547,101595,0.05
June 30 2021,Spokane,WA,Passenger,1068,647,1715,326273,327988,0.52
November 30 2018,Thurston,WA,Passenger,707,566,1273,195368,196641,0.65
December 31 2022,Grays Harbor,WA,Passenger,246,160,406,48620,49026,0.83
August 31 2023,Klickitat,WA,Passenger,163,64,227,15112,15339,1.48
September 30 2017,Asotin,WA,Passenger,7,5,12,12457,12469,0.1
March 31 2017,Chelan,WA,Truck,0,0,0,21219,21219,0
February 28 2019,Walla Walla,WA,Truck,0,0,0,13543,13543,0
February 29 2020,Whatcom,WA,Truck,3,0,3,43144,43147,0.01
June 30 2022,Skagit,WA,Passenger,779,337,1116,90063,91179,1.22
November 30 2018,Okanogan,WA,Passenger,15,22,37,26125,26162,0.14
July 31 2020,Clark,WA,Passenger,2097,1066,3163,317872,321035,0.99
February 28 2021,Snohomish,WA,Truck,1,0,1,125711,125712,0
November 30 2020,Clark,WA,Truck,0,0,0,83201,83201,0
July 31 2019,San Juan,WA,Truck,0,0,0,5887,5887,0
September 30 2018,Franklin,WA,Passenger,37,65,102,58504,58606,0.17
June 30 2022,Grays Harbor,WA,Passenger,210,160,370,49014,49384,0.75
August 31 2019,Thurston,WA,Truck,0,0,0,55438,55438,0
March 31 2019,Spokane,WA,Truck,1,0,1,94002,94003,0
June 30 2022,Asotin,WA,Truck,0,0,0,6716,6716,0
March 31 2021,Lewis,WA,Truck,0,0,0,26809,26809,0
September 30 2023,Clark,WA,Passenger,6544,2499,9043,312961,322004,2.81
February 29 2020,King,WA,Truck,6,1,7,182583,182590,0
May 31 2020,Clark,WA,Truck,0,0,0,81873,81873,0
September 30 2018,Douglas,WA,Passenger,48,33,81,27849,27930,0.29
January 31 2017,Asotin,WA,Truck,0,0,0,6487,6487,0
November 30 2021,Garfield,WA,Truck,0,0,0,994,994,0
January 31 2024,Columbia,WA,Truck,0,0,0,1527,1527,0
September 30 2022,Chelan,WA,Truck,6,0,6,23076,23082,0.03
July 31 2019,Pacific,WA,Truck,0,0,0,7665,7665,0
January 31 2017,Wahkiakum,WA,Truck,0,0,0,1624,1624,0
March 31 2023,Chelan,WA,Passenger,580,150,730,54195,54925,1.33
May 31 2018,Asotin,WA,Passenger,8,6,14,12599,12613,0.11
March 31 2022,Stevens,WA,Truck,0,0,0,18986,18986,0
February 28 2018,Clark,WA,Passenger,888,616,1504,305273,306777,0.49
December 31 2019,Whitman,WA,Passenger,42,46,88,22670,22758,0.39
January 31 2020,Cowlitz,WA,Truck,0,0,0,29022,29022,0
September 30 2018,Lincoln,WA,Passenger,2,6,8,7748,7756,0.1
July 31 2018,Benton,WA,Truck,0,0,0,41092,41092,0
March 31 2019,Mason,WA,Passenger,114,115,229,46701,46930,0.49
October 31 2023,Lewis,WA,Passenger,372,287,659,59196,59855,1.1
July 31 2021,Franklin,WA,Passenger,134,97,231,62034,62265,0.37
January 31 2017,Asotin,WA,Passenger,4,3,7,12316,12323,0.06
December 31 2020,Okanogan,WA,Passenger,55,36,91,26059,26150,0.35
December 31 2018,Columbia,WA,Truck,0,0,0,1517,1517,0
May 31 2018,Island,WA,Passenger,187,178,365,62424,62789,0.58
September 30 2018,Kittitas,WA,Passenger,56,36,92,29199,29291,0.31
April 30 2020,San Juan,WA,Passenger,295,88,383,14150,14533,2.64
December 31 2021,Chelan,WA,Truck,0,0,0,23101,23101,0
January 31 2024,Cowlitz,WA,Truck,14,0,14,27308,27322,0.05
March 31 2017,King,WA,Passenger,9315,3786,13101,1382521,1395622,0.94
September 30 2022,Yakima,WA,Truck,3,0,3,61383,61386,0
January 31 2024,Wahkiakum,WA,Passenger,32,21,53,3004,3057,1.73
June 30 2021,Grant,WA,Passenger,107,89,196,66944,67140,0.29
December 31 2017,Jefferson,WA,Passenger,121,74,195,24280,24475,0.8
September 30 2023,Grant,WA,Passenger,327,146,473,67215,67688,0.7
December 31 2017,Pend Oreille,WA,Passenger,3,4,7,9442,9449,0.07
August 31 2022,Mason,WA,Passenger,329,175,504,46973,47477,1.06
June 30 2022,Okanogan,WA,Passenger,83,50,133,26373,26506,0.5
January 31 2023,Kittitas,WA,Passenger,311,94,405,29530,29935,1.35
December 31 2017,Snohomish,WA,Truck,1,0,1,121408,121409,0
September 30 2023,Snohomish,WA,Truck,206,0,206,120712,120918,0.17
October 31 2021,Clallam,WA,Truck,1,0,1,22049,22050,0
March 31 2022,Mason,WA,Truck,0,0,0,21146,21146,0
March 31 2018,Franklin,WA,Truck,0,0,0,18615,18615,0
March 31 2022,Wahkiakum,WA,Truck,0,0,0,1813,1813,0
March 31 2021,Spokane,WA,Passenger,951,584,1535,322503,324038,0.47
September 30 2022,Okanogan,WA,Passenger,93,49,142,26285,26427,0.54
February 28 2021,Mason,WA,Passenger,177,133,310,47630,47940,0.65
October 31 2022,Mason,WA,Truck,6,0,6,20899,20905,0.03
May 31 2017,Clark,WA,Passenger,770,489,1259,298779,300038,0.42
December 31 2023,Asotin,WA,Passenger,41,26,67,12167,12234,0.55
October 31 2023,Klickitat,WA,Truck,13,0,13,8216,8229,0.16
September 30 2020,San Juan,WA,Truck,0,0,0,5845,5845,0
March 31 2023,Whatcom,WA,Passenger,2282,837,3119,147702,150821,2.07
November 30 2017,Mason,WA,Truck,0,0,0,19535,19535,0
June 30 2018,Island,WA,Truck,0,0,0,20942,20942,0
July 31 2018,Okanogan,WA,Passenger,9,20,29,26019,26048,0.11
January 31 2021,Thurston,WA,Passenger,1350,795,2145,197273,199418,1.08
March 31 2021,Clark,WA,Passenger,2578,1276,3854,319890,323744,1.19
October 31 2020,Lincoln,WA,Passenger,5,10,15,7609,7624,0.2
October 31 2017,Jefferson,WA,Truck,0,0,0,9435,9435,0
September 30 2021,Franklin,WA,Truck,0,0,0,20712,20712,0
February 29 2020,King,WA,Passenger,23441,7673,31114,1399823,1430937,2.17
May 31 2019,Grays Harbor,WA,Truck,0,0,0,20456,20456,0
July 31 2019,Pierce,WA,Passenger,1877,1569,3446,544181,547627,0.63
February 28 2021,Ferry,WA,Passenger,10,3,13,4333,4346,0.3
January 31 2018,Franklin,WA,Truck,0,0,0,18560,18560,0
February 28 2019,Kittitas,WA,Truck,0,0,0,14265,14265,0
October 31 2023,Adams,WA,Truck,3,0,3,5305,5308,0.06
August 31 2019,Whitman,WA,Passenger,34,44,78,22704,22782,0.34
September 30 2021,Clallam,WA,Truck,1,0,1,22007,22008,0
May 31 2021,Whatcom,WA,Truck,4,0,4,43859,43863,0.01
May 31 2023,Grays Harbor,WA,Truck,6,0,6,20967,20973,0.03
April 30 2022,Garfield,WA,Passenger,0,3,3,1328,1331,0.23
November 30 2020,Clallam,WA,Truck,1,0,1,21776,21777,0
April 30 2020,Pacific,WA,Truck,0,0,0,7664,7664,0
December 31 2020,Spokane,WA,Passenger,885,547,1432,320970,322402,0.44
October 31 2017,Cowlitz,WA,Truck,0,0,0,28112,28112,0
May 31 2023,Benton,WA,Truck,23,0,23,43194,43217,0.05
December 31 2022,Okanogan,WA,Passenger,98,52,150,26156,26306,0.57
June 30 2022,Jefferson,WA,Truck,2,0,2,9457,9459,0.02
January 31 2023,Skamania,WA,Truck,1,0,1,3881,3882,0.03
March 31 2017,Ferry,WA,Truck,0,0,0,3555,3555,0
December 31 2018,San Juan,WA,Truck,0,0,0,5816,5816,0
October 31 2019,Skagit,WA,Passenger,336,210,546,92592,93138,0.59
March 31 2018,Skagit,WA,Truck,1,0,1,31920,31921,0
March 31 2023,Benton,WA,Truck,16,0,16,43367,43383,0.04
May 31 2022,Stevens,WA,Passenger,64,54,118,30048,30166,0.39
December 31 2017,Grant,WA,Passenger,26,35,61,62095,62156,0.1
July 31 2022,Lincoln,WA,Passenger,9,16,25,7708,7733,0.32
July 31 2019,Jefferson,WA,Truck,0,0,0,9680,9680,0
September 30 2022,Benton,WA,Truck,5,0,5,43372,43377,0.01
March 31 2019,Adams,WA,Truck,0,0,0,5102,5102,0
October 31 2017,Clark,WA,Truck,0,0,0,78112,78112,0
February 29 2024,Columbia,WA,Truck,0,0,0,1506,1506,0
March 31 2018,Clallam,WA,Passenger,119,104,223,49510,49733,0.45
March 31 2018,Thurston,WA,Truck,0,0,0,54007,54007,0
August 31 2021,Benton,WA,Truck,0,0,0,43607,43607,0
February 29 2020,Franklin,WA,Passenger,58,76,134,61114,61248,0.22
May 31 2018,San Juan,WA,Passenger,141,56,197,14040,14237,1.38
January 31 2020,Grant,WA,Truck,0,0,0,27030,27030,0
January 31 2017,Snohomish,WA,Truck,1,0,1,122827,122828,0
September 30 2017,Thurston,WA,Passenger,435,363,798,188208,189006,0.42
September 30 2018,Pend Oreille,WA,Passenger,5,5,10,9588,9598,0.1
January 31 2024,Pierce,WA,Passenger,9740,3230,12970,515132,528102,2.46
September 30 2017,Mason,WA,Passenger,61,71,132,44171,44303,0.3
February 29 2024,Pend Oreille,WA,Passenger,31,21,52,8436,8488,0.61
February 29 2024,Douglas,WA,Truck,11,0,11,12526,12537,0.09
January 31 2018,Adams,WA,Passenger,4,4,8,12439,12447,0.06
March 31 2018,Asotin,WA,Truck,0,0,0,6592,6592,0
December 31 2019,Kitsap,WA,Passenger,1199,652,1851,182290,184141,1.01
July 31 2021,Wahkiakum,WA,Truck,0,0,0,1792,1792,0
January 31 2019,Yakima,WA,Passenger,84,100,184,164909,165093,0.11
March 31 2019,Island,WA,Truck,0,0,0,21175,21175,0
November 30 2017,Franklin,WA,Truck,0,0,0,18411,18411,0
June 30 2021,San Juan,WA,Truck,0,0,0,5938,5938,0
October 31 2017,Chelan,WA,Passenger,77,36,113,52716,52829,0.21
January 31 2020,Clark,WA,Passenger,1940,1055,2995,319919,322914,0.93
December 31 2019,Island,WA,Truck,1,0,1,21347,21348,0
October 31 2017,Snohomish,WA,Passenger,1947,998,2945,515192,518137,0.57
March 31 2019,Clark,WA,Truck,0,0,0,79982,79982,0
May 31 2022,Skagit,WA,Passenger,758,332,1090,90050,91140,1.2
February 29 2024,Pierce,WA,Truck,256,0,256,128838,129094,0.2
February 28 2017,Snohomish,WA,Truck,1,0,1,122507,122508,0
September 30 2021,Benton,WA,Truck,0,0,0,43672,43672,0
August 31 2020,Whitman,WA,Truck,0,0,0,8483,8483,0
July 31 2020,Okanogan,WA,Passenger,37,34,71,25918,25989,0.27
May 31 2019,Wahkiakum,WA,Truck,0,0,0,1743,1743,0
September 30 2023,King,WA,Truck,862,2,864,173651,174515,0.5
October 31 2021,Stevens,WA,Passenger,52,43,95,30219,30314,0.31
December 31 2019,San Juan,WA,Passenger,253,79,332,14402,14734,2.25
February 28 2021,Cowlitz,WA,Truck,0,0,0,28972,28972,0
March 31 2020,Clallam,WA,Passenger,214,166,380,50661,51041,0.74
November 30 2022,Franklin,WA,Truck,3,0,3,20929,20932,0.01
November 30 2021,Chelan,WA,Passenger,400,113,513,54688,55201,0.93
May 31 2021,Grant,WA,Passenger,102,87,189,66834,67023,0.28
March 31 2020,Chelan,WA,Passenger,220,79,299,54474,54773,0.55
February 28 2019,Spokane,WA,Passenger,480,386,866,307186,308052,0.28
March 31 2022,Whitman,WA,Truck,0,0,0,8591,8591,0
July 31 2019,Spokane,WA,Passenger,556,435,991,312662,313653,0.32
April 30 2023,Pend Oreille,WA,Passenger,31,13,44,8902,8946,0.49
December 31 2021,Garfield,WA,Passenger,0,3,3,1348,1351,0.22
February 28 2022,Island,WA,Passenger,744,350,1094,62257,63351,1.73
